                  Reconstructed space fractional uncertainties (diagonal terms / prediction)
# BNB  MCBKG   EXT    NUM     MCSIG  err_tot  err_stat  err_mcstat  err_add  err_flux  err_det  err_xs
0 4 2.70468 0.434908 0.860416 5.22041 0.509109 0.416981 0.112921 0.0258594 0.0386675 0.246199 0.0989446 
1 8 1.62166 0.248129 6.13021 4.65405 0.541237 0.499675 0.115761 0.00517583 0.0237262 0.157246 0.0674231 
2 5 1.46638 0.248129 3.28549 4.06687 0.582428 0.512055 0.123887 0 0.024958 0.235807 0.0738014 
3 3 1.21128 0.434908 1.35382 2.85424 0.659964 0.596761 0.163157 0.00787718 0.0294917 0.20754 0.093831 
4 2 2.037 0.284938 -0.321935 4.1896 0.492518 0.418175 0.119572 0.00527605 0.0429088 0.204429 0.0987216 
5 8 1.69162 0.309478 5.99891 3.60818 0.676307 0.582429 0.130414 0.00477365 0.0385536 0.300426 0.0969305 
6 6 1.31016 0 4.68984 3.21248 0.657526 0.606899 0.148421 0.00255865 0.0306262 0.177738 0.097213 
7 4 1.58609 0.483987 1.92992 3.93415 0.569427 0.505556 0.134216 0.0133659 0.0300471 0.206605 0.0829365 
8 3 2.21816 0.683036 0.0988026 5.02764 0.484857 0.402901 0.121384 0.0102675 0.0298836 0.214231 0.105498 
9 8 1.39713 0.0736191 6.52925 4.50462 0.5538 0.509742 0.120402 0.000912354 0.0223394 0.16812 0.0599701 
10 5 2.4903 0.732116 1.77759 6.39654 0.42727 0.378179 0.103097 0.00199845 0.0267587 0.146199 0.0825663 
11 4 2.66527 0.931165 0.403562 7.08394 0.396607 0.335117 0.0996928 0.0126148 0.0295148 0.159793 0.0921502 
12 6 3.15633 0.793465 2.05021 7.79807 0.397498 0.341453 0.0923954 0.00890699 0.0317326 0.152234 0.0928244 
13 11 3.83827 1.17929 5.98243 10.0825 0.365959 0.319403 0.0833705 0.00703733 0.0287557 0.130232 0.08438 
14 7 5.12862 2.11046 -0.239077 13.0461 0.293823 0.24396 0.0749445 0.00509279 0.0274588 0.104962 0.0969649 
15 17 8.60462 1.00478 7.39059 16.692 0.319537 0.245506 0.0718973 0.0096103 0.0390351 0.148809 0.113584 
16 21 9.77317 1.51331 9.71352 23.01 0.262311 0.205221 0.0518954 0.00880363 0.0305436 0.116375 0.0971842 
17 27 10.2096 0.643495 16.1469 25.0983 0.253682 0.201993 0.0469343 0.00393293 0.0306638 0.114601 0.0852126 
18 37 15.1302 1.95776 19.912 38.9249 0.189954 0.15891 0.0394671 0.00389389 0.0290555 0.057621 0.0713635 
19 53 24.2004 2.28497 26.5146 59.0046 0.168344 0.127793 0.0327327 0.00160696 0.0320689 0.0609727 0.0786669 
20 0 0 0 0 0 inf -nan inf -nan -nan -nan -nan 
21 5 4.41221 0.248129 0.339657 9.07719 0.361027 0.294315 0.0803071 0.00249017 0.0409977 0.158218 0.102715 
22 2 3.29971 0.085889 -1.3856 7.45621 0.32108 0.265031 0.0923342 0.0035924 0.0304361 0.12682 0.0854581 
23 6 2.45039 0.0368096 3.5128 6.39564 0.43532 0.391144 0.100033 0.0103686 0.0331668 0.13677 0.0811762 
24 6 2.29826 0.248129 3.45361 6.06855 0.446668 0.405165 0.0988563 0.000677231 0.0311971 0.135098 0.079724 
25 5 3.2469 0.447178 1.30592 8.04717 0.370243 0.321381 0.0996582 0.00274687 0.0307064 0.124626 0.0859101 
26 6 2.85863 0.882085 2.25928 7.26826 0.406397 0.358509 0.0991298 0.00113089 0.0285823 0.138581 0.0823433 
27 6 3.23277 0.284938 2.4823 7.37515 0.43405 0.354918 0.0907679 0.00599433 0.0321956 0.209158 0.0968176 
28 3 3.15964 0.321748 -0.481392 6.75569 0.375915 0.323172 0.0925535 0 0.033763 0.136022 0.093081 
29 5 2.90038 0.569876 1.52974 7.96898 0.367166 0.323655 0.0901714 0 0.028115 0.122418 0.0784296 
30 6 3.37968 1.28018 1.34014 9.75445 0.332127 0.291247 0.0859356 0.000421327 0.0228279 0.104114 0.0820866 
31 9 4.11193 0.085889 4.80218 9.20675 0.376328 0.328315 0.0804005 0 0.0312008 0.131397 0.0955483 
32 7 4.24255 0.869816 1.88764 10.8191 0.322777 0.279653 0.0890497 0.0138132 0.0301954 0.101677 0.0812929 
33 8 4.00724 0.955705 3.03706 11.4789 0.314011 0.275838 0.0815585 0.00230374 0.0276116 0.0906842 0.0829047 
34 7 4.25838 0.284938 2.45668 10.6182 0.330149 0.283436 0.0743034 0.00239173 0.0321498 0.104737 0.105509 
35 4 4.43866 1.11794 -1.55661 13.5958 0.244026 0.202164 0.0707643 0.000302285 0.0238055 0.069082 0.0912789 
36 9 4.85114 1.54058 2.60828 15.0668 0.273932 0.232795 0.0680119 0.000272772 0.024692 0.0901029 0.0865499 
37 14 7.66901 0.695306 5.63568 19.2278 0.269781 0.21506 0.0568404 0.000681874 0.0316534 0.10835 0.102752 
38 12 7.2997 0.707576 3.99273 19.4541 0.24326 0.206362 0.0554245 0.00144125 0.0310668 0.0673664 0.0895143 
39 17 9.2833 0.508527 7.20818 23.5431 0.253465 0.194025 0.0488389 0.000349131 0.0315771 0.124612 0.0876828 
40 19 13.1837 1.36607 4.45018 34.6351 0.189082 0.150524 0.0412226 0.00286764 0.0323276 0.0684785 0.0751829 
41 0 0 0 0 0 inf -nan inf -nan -nan -nan -nan 
