                  Reconstructed space fractional uncertainties (diagonal terms / prediction)
# BNB  MCBKG   EXT    NUM     MCSIG  err_tot  err_stat  err_mcstat  err_add  err_flux  err_det  err_xs  err_rw  err_rw_cor
0 403 178.713 46.6947 177.593 362.031 0.168027 0.0534704 0.0256952 0.00670134 0.0359477 0.115824 0.0889467 0.0266646 0.036589 
1 726 268.985 73.6594 383.356 639.754 0.119683 0.0403429 0.0187096 0.00404798 0.0294172 0.0600231 0.0788868 0.0284053 0.0288419 
2 596 213.568 38.74 343.692 550.129 0.111178 0.0431928 0.0192482 0.00233605 0.027412 0.0527376 0.0746928 0.0282255 0.0145107 
3 377 147.518 19.2784 210.204 378.012 0.133957 0.0514107 0.0229692 0.00194197 0.028423 0.0763014 0.0790882 0.0302481 0.0311509 
4 218 102.991 25.6642 89.3452 243.27 0.169547 0.0629105 0.0300188 0.0037161 0.0344842 0.114893 0.0775336 0.0328434 0.0489265 
5 170 65.8509 14.4643 89.6849 151.793 0.17305 0.0826549 0.0370869 0.0047181 0.0350465 0.107178 0.0768379 0.0317216 0.0457281 
6 87 39.2876 12.6404 35.072 100.831 0.17594 0.0970489 0.0472855 0.00732352 0.0326532 0.110269 0.0652558 0.0252182 0.0335731 
7 71 25.8978 4.36721 40.735 57.75 0.233685 0.135885 0.0623641 0.0117747 0.0371339 0.151727 0.0816044 0.030971 0.00987072 
8 54 22.8102 11.0487 20.141 56.5667 0.280629 0.131919 0.0730208 0.00428199 0.0350158 0.219891 0.0732074 0.0235589 0.0225195 
9 28 14.2521 2.02859 11.7193 29.4364 0.335547 0.182758 0.0862961 0.00799974 0.0388568 0.245541 0.0902763 0.0292037 0.0296195 
10 14 12.1162 4.83006 -2.94627 28.648 0.362248 0.160874 0.0959328 0.00440691 0.0378798 0.297604 0.0737431 0.0243502 0.00932062 
11 16 11.3389 2.10361 2.55752 21.5691 0.429399 0.20382 0.103042 0.0178994 0.0446549 0.343586 0.102209 0.0357271 0.0115761 
12 21 5.50672 6.50552 8.98776 19.8698 0.502433 0.226378 0.128096 0.00851008 0.021004 0.423444 0.0640103 0.0264961 0.0128897 
13 13 7.22661 1.1376 4.6358 15.9648 0.451489 0.241272 0.122901 0.0121099 0.0380672 0.346563 0.0827243 0.0283796 0.0342763 
14 10 4.88809 0.813198 4.29872 10.8426 0.54531 0.299514 0.158369 0 0.0424186 0.411199 0.0981207 0.0424394 0.016161 
15 134 64.2855 14.3489 55.3655 129.974 0.22131 0.0881572 0.0453195 0.0045731 0.0383219 0.171255 0.0863225 0.0249554 0.0161337 
16 203 117.215 26.4818 59.3033 228.823 0.192367 0.0647489 0.0315576 0.00270406 0.0408433 0.0807332 0.0919516 0.0458398 0.114311 
17 566 265.959 45.5858 254.455 597.876 0.188343 0.0405187 0.0187226 0.00215504 0.0322258 0.062573 0.0902647 0.0505139 0.133502 
18 453 205.233 35.2697 212.497 488.308 0.175868 0.0446769 0.019781 0.00187265 0.0310598 0.0702682 0.0988475 0.0379802 0.106878 
19 263 132.199 22.7706 108.03 318.257 0.165499 0.0541891 0.0249117 0.000476442 0.0333898 0.0642378 0.0936335 0.0340255 0.0930928 
20 142 92.5914 13.0773 36.3313 216.532 0.168905 0.0626943 0.0310681 0.00156184 0.0348248 0.0843647 0.0867042 0.0334178 0.0816455 
21 90 60.2409 14.8377 14.9213 135.79 0.195614 0.0793502 0.0450525 0 0.0412214 0.124497 0.0947767 0.0296811 0.053632 
22 64 38.7064 7.18745 18.1062 78.5466 0.244962 0.108787 0.0571743 0.00224311 0.046338 0.180952 0.0874324 0.0302992 0.0380079 
23 51 25.8024 3.55842 21.6392 49.7191 0.27225 0.142418 0.0707812 0 0.0493879 0.191917 0.0915805 0.0322074 0.0114739 
24 26 14.9088 1.37979 9.71144 33.5 0.285346 0.165022 0.0836002 0 0.041949 0.187924 0.0944157 0.0313261 0.0151699 
25 28 13.3695 2.19299 12.4375 26.565 0.431735 0.195698 0.0961914 0 0.0519879 0.346931 0.107937 0.0426795 0.0480577 
26 16 11.2424 2.43518 2.32238 22.4772 0.528557 0.197989 0.102874 0.00486928 0.0483372 0.46718 0.0875055 0.0303672 0.0198207 
27 11 13.2691 0.406599 -2.6757 21.5233 0.544668 0.18769 0.115397 0 0.0513829 0.47475 0.118186 0.052664 0.0578813 
28 11 7.36034 0.730996 2.90867 13.7743 0.522787 0.258783 0.134875 0 0.0432057 0.417883 0.100512 0.0339439 0.0199653 
29 6 5.98177 1.04821 -1.02998 11.4356 0.5609 0.25916 0.163551 0 0.0840221 0.445658 0.110967 0.0472569 0.0218796 
30 7 5.29567 1.05539 0.64894 10.5233 0.752162 0.285262 0.158783 0 0.0499659 0.665425 0.112378 0.0332657 0.0118167 
31 99 73.7458 10.4099 14.8444 133.601 0.268778 0.0818775 0.0439841 0.00158649 0.0419786 0.225487 0.0952906 0.0263495 0.0349149 
32 122 78.7468 13.1392 30.114 106.634 0.316528 0.0989384 0.0525038 0.0105064 0.0580104 0.254069 0.129184 0.0279746 0.0463354 
33 183 123.911 41.5343 17.5551 195.289 0.249238 0.0707708 0.0382901 0.00653196 0.0510819 0.199866 0.103897 0.0257801 0.0398398 
34 163 99.5064 40.2366 23.2569 172.166 0.230066 0.0755081 0.0421287 0.00481552 0.0442628 0.173887 0.108058 0.0294903 0.0262459 
35 107 79.8491 32.4279 -5.27698 137.575 0.264051 0.0814656 0.0471139 0.00800835 0.0474993 0.212171 0.107443 0.0266289 0.0357249 
36 86 49.8348 17.9477 18.2176 86.5007 0.420999 0.107416 0.0576918 0.00250992 0.0510287 0.380947 0.110513 0.0283131 0.0403487 
37 44 36.4542 15.2356 -7.68979 63.4135 0.342007 0.11725 0.0656995 0.00914266 0.0532242 0.291236 0.0963789 0.0242568 0.0359553 
38 29 17.5727 6.41179 5.01549 29.1002 0.428354 0.185269 0.0950049 0.00428107 0.0599171 0.347887 0.112033 0.0323658 0.0436332 
39 32 16.4989 3.6478 11.8533 24.2164 0.563296 0.211986 0.103329 0.00332091 0.0643083 0.489985 0.127941 0.0293756 0.0149918 
40 9 7.72856 3.65498 -2.38355 16.1788 0.555189 0.220968 0.131965 0.0202946 0.0457641 0.478443 0.0980809 0.0275011 0.0142434 
41 14 8.32058 3.47622 2.20321 13.1251 0.818267 0.278945 0.171475 0.00833879 0.0625627 0.729653 0.154146 0.0409942 0.0229701 
42 9 4.74274 2.43518 1.82207 8.54366 0.799779 0.345048 0.189302 0.00808035 0.052178 0.680224 0.128225 0.0285368 0.0447656 
43 11 4.27535 0.730996 5.99365 6.27877 1.20733 0.431111 0.226147 0.026931 0.0683473 1.09125 0.151883 0.0327084 0.016894 
44 8 5.4814 3.08121 -0.562608 10.1072 0.886752 0.301584 0.186897 0 0.0531395 0.785778 0.182279 0.0335054 0.0763293 
45 7 2.78669 2.11079 2.10253 5.85766 1.28116 0.424897 0.239197 0 0.0641577 1.17179 0.15161 0.053355 0.0237124 
46 5 2.87201 0.966011 1.16198 4.63048 1.08985 0.470548 0.282256 0 0.049549 0.928482 0.143109 0.0359194 0.0195708 
47 56 33.9386 12.0838 9.97764 53.3491 0.39149 0.138003 0.0728467 0.00838614 0.0523787 0.335185 0.107352 0.02172 0.0418788 
48 37 37.3978 12.5626 -12.9603 58.5513 0.337433 0.119592 0.0715814 0.00224436 0.056517 0.274388 0.104075 0.0333621 0.0632658 
49 142 109.592 28.7095 3.69863 167.053 0.306334 0.0751905 0.0420596 0.0015015 0.0567483 0.241372 0.122011 0.0374276 0.0929911 
50 140 79.7342 9.32419 50.9416 115.681 0.270188 0.09579 0.0469667 0.00235285 0.0541458 0.162237 0.133538 0.0391164 0.114016 
51 81 59.8315 8.40725 12.7612 92.8054 0.331093 0.101371 0.0529187 0.00196803 0.0550698 0.256579 0.122008 0.0351268 0.107504 
52 48 41.0425 10.4777 -3.52027 65.4178 0.295898 0.116777 0.0663996 0.00417468 0.0536349 0.212595 0.120724 0.0327263 0.0759868 
53 44 23.3015 3.4012 17.2973 36.317 0.417608 0.170988 0.082146 0.00620981 0.0549202 0.337516 0.111423 0.0381496 0.0870006 
54 21 16.3934 6.82992 -2.22333 30.1896 0.609879 0.170022 0.102285 0.00228674 0.0464987 0.563766 0.10253 0.0303078 0.0339483 
55 8 10.303 1.05539 -3.35844 13.7329 1.02899 0.242441 0.143052 0.0056966 0.0952426 0.975259 0.124885 0.047146 0.0390913 
56 11 7.93816 1.05539 2.00645 11.4991 0.709856 0.292691 0.161622 0 0.0683603 0.588083 0.179364 0.0750823 0.0615054 
57 7 6.77591 1.1376 -0.913508 9.15457 0.896675 0.314755 0.189798 0 0.082259 0.795959 0.133759 0.0663258 0.079522 
58 6 6.86936 0.966011 -1.83537 9.51485 0.979222 0.296528 0.187741 0.013786 0.0702915 0.90059 0.125966 0.0565201 0.0211278 
59 5 4.15929 1.78639 -0.945678 6.88324 0.834046 0.35927 0.212546 0 0.0578907 0.699885 0.155721 0.0597945 0.019179 
60 0 4.43363 0.406599 -4.84023 7.15321 1.14288 0.264384 0.268884 0 0.0669088 0.883457 0.614673 0.0311342 0.0143039 
61 2 2.12197 0 -0.121966 2.94978 2.62368 0.540997 0.380617 0 0.182381 2.52232 0.179128 0.134546 0.0240331 
62 3 2.68106 0 0.31894 3.05324 2.38552 0.570609 0.39469 0 0.0898199 2.26433 0.240261 0.112026 0.061562 
63 30 24.9138 2.3458 2.74035 31.6262 0.622642 0.176233 0.0945337 0 0.0655106 0.574447 0.108938 0.0330107 0.021211 
