                  Reconstructed space fractional uncertainties (diagonal terms / prediction)
# BNB  MCBKG   EXT    NUM     MCSIG  err_tot  err_stat  err_mcstat  err_add  err_flux  err_det  err_xs
0 33 14.1017 3.60196 15.2963 32.9512 0.220609 0.17425 0.0458927 0.00665992 0.0313867 0.0923193 0.0815294 
1 53 21.4396 3.48334 28.0771 55.3651 0.169318 0.133406 0.034082 0.00841861 0.0273966 0.0546063 0.0768537 
2 41 18.3296 1.95776 20.7126 47.5134 0.176963 0.14138 0.0366806 0.00395678 0.0280455 0.0563945 0.0774582 
3 38 11.3736 0.891624 25.7347 33.6734 0.205842 0.175695 0.0408246 0.0034173 0.0246499 0.0660335 0.0696847 
4 20 7.92714 1.12748 10.9454 23.0176 0.23934 0.203383 0.050775 0.00333984 0.0268226 0.0916028 0.064955 
5 14 6.371 1.3538 6.2752 16.0009 0.280308 0.244243 0.064075 0.00577712 0.0316977 0.0915314 0.0734596 
6 11 2.68181 0.334017 7.98417 7.11373 0.431686 0.399171 0.0889834 0.00418879 0.0310945 0.11832 0.0641355 
7 9 2.05916 0.483987 6.45685 5.36924 0.503552 0.463877 0.114442 0.00453645 0.0331371 0.135142 0.0768345 
8 3 2.16138 0.833006 0.00561827 5.05887 0.503908 0.401088 0.12579 0.00521342 0.0393188 0.2625 0.0821566 
9 4 1.13105 0.0613493 2.8076 2.55903 0.728485 0.66641 0.177623 0.0141476 0.0417229 0.214507 0.0841706 
10 0 0.94166 0.447178 -1.38884 2.42198 0.557056 0.45436 0.177459 0.00195737 0.033334 0.256247 0.074832 
11 1 1.10938 0.223589 -0.332974 2.2677 0.671581 0.556763 0.170462 0.0109525 0.0428165 0.316681 0.0986847 
12 1 0.550497 0.609417 -0.159914 1.58445 0.901593 0.726793 0.263116 0 0.0246514 0.457412 0.0746946 
13 1 0.607133 0.0122699 0.380597 1.11685 1.06392 0.928337 0.29407 0 0.0505486 0.409566 0.115484 
14 1 0.462798 0 0.537202 0.774374 1.37503 1.18169 0.373215 0 0.0676324 0.570477 0.158147 
15 9 5.20949 0.931165 2.85935 11.6215 0.3469 0.280057 0.0831909 0.00386926 0.0356344 0.164914 0.0806568 
16 12 9.17956 1.68782 1.13262 23.4379 0.212066 0.179941 0.0515579 0.00292988 0.0302067 0.0612458 0.0725456 
17 35 21.9065 3.47653 9.61695 64.9014 0.14579 0.109511 0.0314664 0.00312037 0.0242761 0.0491862 0.0724809 
18 33 16.4884 2.135 14.3766 51.2794 0.163182 0.128302 0.0345141 0.00246264 0.0244052 0.0460857 0.079058 
19 25 9.65478 1.65101 13.6942 32.3475 0.195293 0.167797 0.0431978 0.00150086 0.0237138 0.0460455 0.0737059 
20 11 8.41002 0.894355 1.69562 22.7699 0.217367 0.179922 0.054384 0 0.0288612 0.0726218 0.0762359 
21 7 4.60562 0.918895 1.47549 12.5834 0.288782 0.250557 0.0710263 0 0.0314043 0.0903666 0.0801214 
22 6 2.9258 0.471717 2.60248 7.64483 0.39051 0.346201 0.103436 0.0058078 0.0342545 0.121845 0.076752 
23 5 1.71501 0.422638 2.86235 4.66492 0.512591 0.468256 0.120505 0 0.0319897 0.152375 0.0687185 
24 4 1.32203 0.0368096 2.64116 3.21196 0.632513 0.577251 0.148704 0 0.0382546 0.186712 0.0917384 
25 2 0.98945 0.0368096 0.973741 2.23611 0.758116 0.655953 0.186312 0 0.0516996 0.310841 0.102267 
26 0 1.0284 0.0490794 -1.07748 2.49332 0.647878 0.447813 0.179888 0.00164833 0.0333983 0.422895 0.0830146 
27 1 1.44023 0 -0.440232 1.96497 0.896801 0.620529 0.199696 0 0.0592226 0.598087 0.134543 
28 3 0.362577 0.0122699 2.62515 1.46815 0.957244 0.906003 0.243418 0 0.0187254 0.18205 0.0522381 
29 1 0.46191 0.199049 0.339041 1.04545 1.08613 0.970698 0.287124 0 0.0643264 0.377574 0.0909956 
30 0 0.61354 0.0245397 -0.63808 0.962406 1.1519 0.720785 0.319603 0 0.0588923 0.825128 0.144533 
31 11 5.72189 0.520797 4.75731 10.8016 0.39609 0.305187 0.0779561 0.00204642 0.0387979 0.21549 0.0986179 
