                  Reconstructed space fractional uncertainties (diagonal terms / prediction)
# BNB  MCBKG   EXT    NUM     MCSIG  err_tot  err_stat  err_mcstat  err_add  err_flux  err_det  err_xs  err_rw  err_rw_cor
0 19 4.25308 0.406599 14.3403 15.5001 0.370896 0.262176 0.136633 0 0.0260913 0.212936 0.0633006 0.00860075 0.00741951 
1 24 2.62639 0.641614 20.732 17.2826 0.339848 0.252617 0.127468 0.00736154 0.0128773 0.184262 0.0350797 0.00364227 0.00413875 
2 17 4.62828 0.324397 12.0473 17.5153 0.345398 0.237743 0.133489 0 0.0202103 0.204221 0.0513542 0.0119883 0.00795085 
3 16 3.6317 0.406599 11.9617 16.4338 0.33563 0.245571 0.127338 0 0.0167067 0.183548 0.0458337 0.00517331 0.00552165 
4 25 3.68185 0.324397 20.9938 14.8114 0.355413 0.279517 0.13571 0 0.0195803 0.155258 0.072092 0.00653224 0.00656565 
5 24 5.26886 0.406599 18.3245 20.7303 0.308611 0.224796 0.115259 0.00620855 0.0250104 0.164906 0.0591772 0.00561045 0.00561108 
6 27 5.84892 0.406599 20.7445 20.4254 0.311741 0.230832 0.116335 0 0.0228841 0.16058 0.0629045 0.00681116 0.00723111 
7 22 9.4124 1.05539 11.5322 26.8807 0.314995 0.186118 0.128995 0 0.0261557 0.19771 0.0894828 0.00868834 0.00929711 
8 26 7.30068 0 18.6993 27.9375 0.282344 0.186887 0.097821 0 0.0244698 0.17675 0.0575213 0.00598288 0.00620236 
9 33 6.93933 0 26.0607 29.8783 0.250636 0.1859 0.100074 0.00231056 0.0188288 0.114516 0.0684694 0.00744627 0.0052618 
10 29 9.09732 0.324397 19.5783 31.734 0.274897 0.174791 0.0977443 0 0.0202402 0.169893 0.0780415 0.00671079 0.00733774 
11 38 8.08042 1.45481 28.4648 34.9254 0.240364 0.17154 0.0906595 0 0.0211508 0.12516 0.0628538 0.00606109 0.00548361 
12 45 11.0284 0.406599 33.565 39.4273 0.240011 0.16265 0.0842877 0 0.0203683 0.13462 0.0734932 0.00808101 0.00643623 
13 40 12.9232 1.29041 25.7864 47.1029 0.211935 0.141576 0.0746056 0 0.0244738 0.123189 0.058673 0.00728853 0.00603609 
14 42 12.9277 0 29.0723 50.1711 0.19903 0.136814 0.0725986 0 0.0197764 0.109921 0.0553996 0.00612232 0.00662522 
15 57 16.371 0 40.629 63.4189 0.184875 0.123279 0.065834 0 0.0195588 0.102288 0.0609117 0.00668023 0.00684575 
16 71 19.3566 0 51.6434 79.4893 0.163616 0.109991 0.0602888 0 0.0212182 0.0869611 0.0544026 0.00577773 0.00563658 
17 95 29.3872 0.813198 64.7996 98.7167 0.159708 0.0999979 0.0528975 0 0.0266836 0.0942889 0.0547505 0.0071102 0.00762695 
18 141 30.4319 0.324397 110.244 121.915 0.142062 0.0926825 0.0470769 0 0.02414 0.0793126 0.0490804 0.00606643 0.00751674 
19 169 55.5477 0.406599 113.046 193.949 0.124891 0.0701012 0.0383257 0 0.0290005 0.0754167 0.0508378 0.0066969 0.00752917 
20 0 0 0 0 0 inf -nan inf -nan -nan -nan -nan -nan -nan 
21 19 4.25308 0.406599 27.7665 42.4608 0.175643 0.146618 0.0785197 0 0.00886595 0.0431935 0.0350531 0.00291022 0.00260293 
22 24 2.62639 0.641614 20.565 46.3093 0.162808 0.13205 0.0752872 0 0.00851572 0.0462805 0.0342343 0.00264586 0.00278066 
23 17 4.62828 0.324397 21.5183 42.986 0.184938 0.141568 0.0795911 0 0.0129616 0.0741834 0.0460401 0.00446553 0.0038711 
24 16 3.6317 0.406599 24.9914 45.4148 0.176825 0.140723 0.0792665 0 0.010125 0.0626986 0.0335889 0.00310389 0.00307698 
25 25 3.68185 0.324397 36.2955 49.6155 0.190693 0.140144 0.0747957 0 0.0144226 0.0908253 0.0512066 0.00542653 0.0044847 
26 24 5.26886 0.406599 28.0249 48.3077 0.183493 0.136319 0.0737018 0 0.0118359 0.0887006 0.0401152 0.00414447 0.00452848 
27 27 5.84892 0.406599 32.4392 55.5792 0.156474 0.126829 0.0688635 0 0.00998522 0.0469742 0.0364807 0.00316292 0.003001 
28 22 9.4124 1.05539 46.9658 60.3912 0.164316 0.127423 0.0649705 0 0.0122349 0.069116 0.0398672 0.00360868 0.00356148 
29 26 7.30068 0 31.861 69.3849 0.14552 0.109944 0.0630735 0 0.0111709 0.0588473 0.0386843 0.00362698 0.00355668 
30 33 6.93933 0 34.4242 66.089 0.172342 0.116427 0.0651474 0 0.0159382 0.0891778 0.0603904 0.00512271 0.0047298 
31 29 9.09732 0.324397 50.2298 75.0943 0.17253 0.112835 0.058033 0 0.0172729 0.10196 0.0541133 0.00489467 0.0045361 
32 38 8.08042 1.45481 47.9156 78.5456 0.158947 0.109108 0.0586907 0 0.0166916 0.0771734 0.0602501 0.00518422 0.0048774 
33 45 11.0284 0.406599 72.7096 83.9027 0.139269 0.109408 0.055972 0 0.0108051 0.0512516 0.0390932 0.00331024 0.00320274 
34 40 12.9232 1.29041 65.5886 87.8501 0.140047 0.105667 0.0540779 0 0.0155365 0.0494201 0.0528958 0.00460142 0.00450253 
35 42 12.9277 0 62.7703 106.993 0.138108 0.0923309 0.0496435 0 0.0151525 0.0733848 0.049348 0.00414716 0.00413003 
36 57 16.371 0 67.9976 113.865 0.122207 0.0896334 0.0482554 0 0.0150008 0.0445743 0.0481062 0.00470519 0.0048525 
37 71 19.3566 0 100.47 135.266 0.126502 0.0850638 0.044272 0 0.0166638 0.0638067 0.0491792 0.0045118 0.00436912 
38 95 29.3872 0.813198 109.848 152.8 0.113614 0.0800864 0.0418727 0 0.018686 0.0433219 0.0496111 0.00509242 0.00527302 
39 141 30.4319 0.324397 145.874 194.568 0.101752 0.0712771 0.0368507 0 0.0188916 0.0420456 0.0417213 0.00494263 0.00503066 
40 169 55.5477 0.406599 158.68 225.269 0.106684 0.0659963 0.0342101 0 0.0217185 0.0575213 0.0448666 0.00563601 0.00552098 
41 0 0 0 0 0 inf -nan inf -nan -nan -nan -nan -nan -nan 
42 19 4.25308 0.406599 27.7525 22.6744 0.356086 0.223536 0.108148 0 0.0309185 0.241582 0.0755046 0.0073951 0.00772236 
43 24 2.62639 0.641614 19.955 20.8948 0.295875 0.226297 0.111261 0 0.0260283 0.140978 0.0574883 0.00659854 0.00720098 
44 17 4.62828 0.324397 32.1516 25.2713 0.283473 0.212384 0.102453 0.00433092 0.0316881 0.138986 0.0657971 0.00641631 0.00654659 
45 16 3.6317 0.406599 17.8532 28.7485 0.243918 0.182013 0.0954731 0.00646717 0.0201615 0.11773 0.0538042 0.00467222 0.00519535 
46 25 3.68185 0.324397 21.7063 32.5368 0.267827 0.174824 0.0924695 0.00212178 0.0273637 0.170264 0.0528745 0.00617471 0.00632424 
47 24 5.26886 0.406599 19.2175 39.8367 0.251706 0.157177 0.0913672 0 0.0227446 0.163449 0.0549054 0.00533423 0.00522356 
48 27 5.84892 0.406599 15.7797 37.0141 0.21459 0.155062 0.0853358 0 0.0246008 0.104254 0.0564689 0.00561702 0.00531741 
49 22 9.4124 1.05539 16.9231 43.5952 0.232382 0.144797 0.0914977 0.00190555 0.0276637 0.140101 0.0648464 0.00553957 0.00554014 
50 26 7.30068 0 28.6161 44.8414 0.24168 0.147679 0.0828916 0 0.0249151 0.154666 0.071432 0.00683048 0.00615678 
51 33 6.93933 0 35.6547 47.6673 0.211157 0.145008 0.074063 0.00144828 0.0211139 0.122815 0.0499896 0.00474285 0.00469096 
52 29 9.09732 0.324397 34.304 57.918 0.21541 0.129413 0.0687566 0.00119196 0.02555 0.144505 0.0575221 0.00617608 0.00656321 
53 38 8.08042 1.45481 22.8181 64.9937 0.194926 0.117798 0.0677361 0.00106219 0.0276921 0.118186 0.0684431 0.00774381 0.00716579 
54 45 11.0284 0.406599 45.6073 67.4986 0.209128 0.120623 0.0620543 0.00162148 0.0266197 0.143871 0.0620795 0.00591738 0.00590716 
55 40 12.9232 1.29041 51.4783 84.0306 0.17635 0.108184 0.0557508 0.00282858 0.0257824 0.106145 0.0652857 0.0065188 0.00655027 
56 42 12.9277 0 75.4667 99.599 0.167435 0.101225 0.0511279 0.00109888 0.0282549 0.0982898 0.0680142 0.00634522 0.0068649 
57 57 16.371 0 83.5703 114.587 0.174278 0.0942547 0.0485485 0.00211794 0.0323799 0.115962 0.0673717 0.00687806 0.00674947 
58 71 19.3566 0 106.583 135.352 0.151023 0.0873885 0.0475292 0.0013494 0.0299781 0.0896422 0.0622979 0.00698931 0.00678118 
59 95 29.3872 0.813198 133.22 175.647 0.138494 0.0766721 0.0388977 0 0.0321567 0.0813454 0.0635114 0.00735169 0.00707135 
60 141 30.4319 0.324397 165.288 253.152 0.124197 0.0629675 0.0321579 0 0.036165 0.0658658 0.0682574 0.00775157 0.00778023 
61 169 55.5477 0.406599 228.74 377.18 0.124817 0.0513944 0.0264427 0.000484234 0.0381627 0.0792887 0.0660193 0.00830793 0.0082407 
62 0 0 0 0 0 inf -nan inf -nan -nan -nan -nan -nan -nan 
63 19 4.25308 0.406599 40.5749 70.2715 0.160846 0.114127 0.0825172 0 0.0180564 0.055412 0.051044 0.00420695 0.00418777 
64 24 2.62639 0.641614 30.5557 69.9242 0.147875 0.1104 0.0619663 0 0.0179265 0.056847 0.0475026 0.00394561 0.00375424 
65 17 4.62828 0.324397 45.4641 68.0957 0.145342 0.116231 0.0616575 0 0.0111193 0.0496952 0.0346968 0.00270787 0.00292757 
66 16 3.6317 0.406599 44.1714 71.7136 0.147604 0.113312 0.0605071 0 0.015881 0.0577079 0.0409254 0.00373675 0.00387604 
67 25 3.68185 0.324397 42.4136 79.3311 0.135265 0.105966 0.0606806 0 0.0140589 0.0360162 0.0432052 0.00347971 0.0034647 
68 24 5.26886 0.406599 43.0909 83.0363 0.203063 0.105303 0.0631751 0.00187497 0.0255222 0.145205 0.0659141 0.00603982 0.00582867 
69 27 5.84892 0.406599 53.0753 93.9077 0.152332 0.0983268 0.0526604 0 0.0202844 0.0893337 0.0483298 0.00423958 0.00426387 
70 22 9.4124 1.05539 49.83 91.4547 0.136211 0.0996033 0.0533915 0.001335 0.0198583 0.0526511 0.0507335 0.00449162 0.00444385 
71 26 7.30068 0 55.9961 111.442 0.130112 0.0901676 0.050389 0 0.0191634 0.0580519 0.0498165 0.00446906 0.00458319 
72 33 6.93933 0 68.0793 117.71 0.131371 0.0890562 0.0475944 0 0.020307 0.0580505 0.0568303 0.0050841 0.00494624 
73 29 9.09732 0.324397 76.0824 122.272 0.135327 0.0893606 0.0479488 0 0.0221643 0.0622855 0.0600579 0.00508998 0.0050432 
74 38 8.08042 1.45481 59.5558 133.887 0.128343 0.0812445 0.0469699 0 0.0199228 0.0640905 0.0557972 0.00491623 0.00480279 
75 45 11.0284 0.406599 100.046 135.525 0.13148 0.085629 0.0469089 0 0.0231586 0.0637319 0.0557307 0.00504571 0.00497289 
76 40 12.9232 1.29041 112.775 150.538 0.126444 0.0812717 0.0422415 0 0.0234125 0.0592755 0.0590467 0.00503546 0.00499367 
77 42 12.9277 0 112.771 182.496 0.10787 0.0723482 0.0389171 0 0.0215595 0.0382357 0.0539834 0.00484668 0.0047667 
78 57 16.371 0 150.541 211.209 0.107812 0.0682918 0.0360456 2.76466e-09 0.0234804 0.0448007 0.0552229 0.00521924 0.0050189 
79 71 19.3566 0 141.504 238.994 0.110937 0.0630808 0.0329524 0 0.0280723 0.0416401 0.0681905 0.00593494 0.00591157 
80 95 29.3872 0.813198 192.312 256.142 0.113971 0.0629865 0.03244 0.000586051 0.0321087 0.0532608 0.0633445 0.00678735 0.00657051 
81 141 30.4319 0.324397 226.257 342.281 0.106706 0.053464 0.0276765 0 0.0275451 0.0582476 0.0594889 0.00600303 0.00594407 
82 169 55.5477 0.406599 203.173 427.908 0.0983415 0.0466172 0.0251394 0.000366494 0.0321487 0.0418691 0.0630227 0.00736145 0.00728967 
83 0 0 0 0 0 inf -nan inf -nan -nan -nan -nan -nan -nan 
