                  Reconstructed space fractional uncertainties (diagonal terms / prediction)
# BNB  MCBKG   EXT    NUM     MCSIG  err_tot  err_stat  err_mcstat  err_add  err_flux  err_det  err_xs  err_rw  err_rw_cor
0 841 122.569 37.6095 680.821 849.1 0.207836 0.0342629 0.0218441 0.00418675 0.0730295 0.179772 0.0529743 0.0232271 0.0230311 
1 3224 358.083 119.762 2746.15 2855.5 0.157125 0.0190807 0.0114999 0.00483251 0.081083 0.119079 0.0485261 0.0230284 0.0230072 
2 3819 276.439 137.714 3404.85 3128.55 0.152307 0.0184428 0.0107703 0.00403108 0.0667384 0.123034 0.0454398 0.0231087 0.0231237 
3 2831 146.462 72.1251 2612.41 2170 0.14393 0.0223545 0.0136991 0.00427947 0.0610479 0.110314 0.0548554 0.0234769 0.0235334 
4 2091 107.689 43.6522 1939.66 1551.63 0.147209 0.0265539 0.0174687 0.00432254 0.0570316 0.104882 0.0726419 0.0235812 0.0235783 
5 1461 67.8572 22.2675 1370.88 1112.26 0.161316 0.0312536 0.0198536 0.00481644 0.0575566 0.113667 0.0852139 0.0238148 0.023814 
6 1191 36.3658 6.13924 1148.49 857.407 0.218825 0.0358666 0.0256965 0.00415492 0.0617358 0.176694 0.0985619 0.0242261 0.0242264 
7 868 28.402 1.78639 837.812 575.882 0.208817 0.0442253 0.029569 0.00455911 0.071387 0.160287 0.0937352 0.0242827 0.0242827 
8 597 25.1152 0 571.885 440.662 0.290546 0.0498633 0.033905 0.00482393 0.0864481 0.248876 0.1008 0.0243363 0.0243391 
9 385 15.6996 0 369.3 308.137 0.228487 0.0589633 0.0461569 0.00597152 0.100307 0.158029 0.1017 0.0243513 0.0243513 
10 284 10.4378 0.730996 272.831 203.118 0.252504 0.0737539 0.0522862 0.0115392 0.114169 0.16121 0.123496 0.0242607 0.0242607 
11 163 8.66459 0.324397 154.011 132.573 0.538594 0.0896858 0.0755822 0.00643948 0.134045 0.489406 0.132762 0.0242236 0.0242236 
12 85 5.87429 0 79.1257 74.5824 0.414174 0.118233 0.0863265 0.00662837 0.141529 0.308437 0.18365 0.0242217 0.0242217 
13 52 3.13142 0 48.8686 44.4504 0.658937 0.153757 0.121604 0.0109513 0.175486 0.571153 0.193549 0.0242601 0.0242601 
14 16 2.9902 0 13.0098 21.7508 0.607441 0.202624 0.13969 0.0248869 0.150286 0.518729 0.122401 0.0239587 0.0239587 
15 8 0.850979 0 7.14902 6.03818 1.02119 0.424683 0.235044 0.0302129 0.129724 0.85588 0.236246 0.0239436 0.0239436 
16 3 1.13401 0 1.86599 4.96454 2.11002 0.406618 0.256177 0.0512782 0.186424 2.03118 0.238855 0.0235804 0.0235804 
17 2 0.769185 0 1.23082 4.6291 1.65952 0.387565 0.28711 0.0618337 0.183265 1.37459 0.770291 0.0238355 0.0238355 
18 841 122.569 37.6095 1633.45 2400.01 0.116365 0.019889 0.0138183 0.000422731 0.0668307 0.0609362 0.0606226 0.0235046 0.0233895 
19 3224 358.083 119.762 4783.15 5056.79 0.102111 0.0141691 0.00897349 0.000322662 0.0641439 0.0585181 0.0382557 0.0238991 0.023911 
20 3819 276.439 137.714 4853.7 4646.25 0.0986864 0.0148886 0.00950485 9.49249e-05 0.0599028 0.0577028 0.0365616 0.0242045 0.0242161 
21 2831 146.462 72.1251 3295.1 3176.63 0.111496 0.0179232 0.0124803 6.89081e-05 0.0579361 0.0683359 0.0523 0.0244182 0.024424 
22 2091 107.689 43.6522 2078 2182.29 0.150033 0.021316 0.0164626 0.000184214 0.058023 0.0903299 0.0951842 0.0244768 0.0244793 
23 1461 67.8572 22.2675 1395.88 1517.55 0.136927 0.0253968 0.0203893 8.58726e-05 0.0599679 0.061564 0.0954322 0.024439 0.0244438 
24 1191 36.3658 6.13924 872.939 1009.99 0.200647 0.0307505 0.0252077 8.38484e-05 0.0749891 0.150189 0.0964072 0.024532 0.024532 
25 868 28.402 1.78639 592.042 682.908 0.186356 0.0374371 0.031058 0.00029579 0.0863635 0.129854 0.0826831 0.024546 0.0245462 
26 597 25.1152 0 384.57 483.271 0.206575 0.0437988 0.0392028 0 0.10964 0.119313 0.108452 0.0244922 0.0244922 
27 385 15.6996 0 228.777 287.104 0.392785 0.0570418 0.046289 0 0.113769 0.359922 0.0721079 0.0244575 0.0244575 
28 284 10.4378 0.730996 121.34 199.871 0.359292 0.0644645 0.0607377 0 0.127491 0.306446 0.0994084 0.0244996 0.0244996 
29 163 8.66459 0.324397 76.7785 110.023 0.349647 0.0894141 0.0758983 0 0.14652 0.262816 0.129433 0.0245424 0.0245424 
30 85 5.87429 0 57 57.4558 0.662798 0.131751 0.106151 0 0.147296 0.607796 0.135471 0.0245967 0.0245967 
31 52 3.13142 0 29.8033 31.2083 0.744054 0.177815 0.146662 0 0.24235 0.630435 0.207604 0.0245658 0.0245658 
32 16 2.9902 0 7.21368 13.8625 0.894233 0.24078 0.2008 0 0.289583 0.740499 0.260723 0.0243241 0.0243241 
33 8 0.850979 0 2.52048 9.9821 1.44603 0.237516 0.328389 0 0.183463 1.21864 0.63783 0.024365 0.024365 
34 3 1.13401 0 3 3.7447 1.43271 0.496625 0.328997 0 0.103152 1.29167 0.132422 0.0245967 0.0245967 
35 2 0.769185 0 1 7.92015 1.82066 0.195405 0.255657 0 0.141592 1.77427 0.204835 0.0245967 0.0245967 
36 841 122.569 37.6095 1951.76 2487.46 0.202402 0.0202228 0.0127937 0.00329673 0.0736981 0.17822 0.0481477 0.0208856 0.020855 
37 3224 358.083 119.762 5581.41 5987.56 0.179067 0.0131342 0.00823638 0.00384057 0.0696705 0.156194 0.0394045 0.0224294 0.0224347 
38 3819 276.439 137.714 5755.88 5594.89 0.155539 0.0137322 0.00854456 0.00378059 0.0680404 0.130568 0.0351174 0.0224245 0.0224215 
39 2831 146.462 72.1251 4380.53 4086.72 0.14888 0.0161287 0.0103432 0.00254728 0.0715 0.120057 0.0354288 0.0224781 0.0224789 
40 2091 107.689 43.6522 3013.64 2923.71 0.148553 0.0190001 0.012112 0.00399785 0.0749997 0.115448 0.040035 0.0222288 0.0222267 
41 1461 67.8572 22.2675 2156.25 2040.72 0.145348 0.0228245 0.0151413 0.00359465 0.0795658 0.106409 0.0414203 0.022291 0.0222921 
42 1191 36.3658 6.13924 1402.26 1392.25 0.141065 0.0275018 0.019209 0.0030888 0.0861965 0.0865075 0.0534651 0.022276 0.022276 
43 868 28.402 1.78639 932.371 905.7 0.196252 0.0341551 0.0232949 0.00398022 0.0936931 0.152741 0.0604245 0.0226979 0.0226979 
44 597 25.1152 0 595.091 575.62 0.168528 0.0428636 0.0288434 0.00486146 0.0996146 0.110166 0.050814 0.0231006 0.0231006 
45 385 15.6996 0 393.606 372.885 0.257894 0.0535357 0.0380114 0.00686721 0.110349 0.212885 0.0596195 0.0234485 0.0234485 
46 284 10.4378 0.730996 229.711 243.818 0.28758 0.0654679 0.0425231 0.00675778 0.109346 0.156608 0.197529 0.0230453 0.0230453 
47 163 8.66459 0.324397 134.585 162.735 0.319724 0.0795349 0.0514328 0.00704661 0.133454 0.261117 0.0783231 0.0231948 0.0231948 
48 85 5.87429 0 73.9599 105.41 0.345725 0.0968617 0.07442 0.0123303 0.105356 0.293583 0.0780436 0.0231485 0.0231485 
49 52 3.13142 0 51.3842 80.1182 0.495525 0.111219 0.101051 0.0106721 0.127494 0.423138 0.162707 0.023194 0.023194 
50 16 2.9902 0 26.8968 44.2764 0.668746 0.150689 0.0952763 0.00906883 0.108084 0.6165 0.150205 0.0227863 0.0227863 
51 8 0.850979 0 15.3146 26.5083 0.678065 0.197069 0.103538 0.0332601 0.106733 0.581711 0.241463 0.0226343 0.0226343 
52 3 1.13401 0 -3.59358 25.1685 1.75952 0.166726 0.139211 0.0269743 0.110236 1.67597 0.475337 0.0224802 0.0224802 
53 2 0.769185 0 -8.27751 29.3717 1.28236 0.160639 0.108002 0.0365672 0.156832 1.24841 0.146807 0.0218152 0.0218152 
54 841 122.569 37.6095 6468.71 7675.79 0.111381 0.0113604 0.00766681 0.000996382 0.0701226 0.0669266 0.0414407 0.0234846 0.0234877 
55 3224 358.083 119.762 12731.6 13117.1 0.101465 0.00878441 0.00599699 0.000289192 0.0686737 0.0560326 0.0342881 0.0239858 0.0239844 
56 3819 276.439 137.714 10876.8 11071.9 0.102077 0.00954759 0.00664133 0.000161457 0.0728144 0.0526851 0.0322025 0.0241845 0.0241842 
57 2831 146.462 72.1251 7277.57 7744.24 0.110516 0.0113302 0.00816039 0.000129556 0.0770415 0.0623107 0.0320491 0.0242246 0.0242253 
58 2091 107.689 43.6522 4676.52 5179.05 0.131573 0.0137703 0.0102092 0.00016902 0.0844261 0.088164 0.0306979 0.0242327 0.0242326 
59 1461 67.8572 22.2675 2898.02 3451.23 0.174506 0.0166911 0.013144 0.000104563 0.0918069 0.13645 0.0422297 0.0241902 0.0241903 
60 1191 36.3658 6.13924 1757.84 2141.94 0.176721 0.0211364 0.0164853 0.000156572 0.0988832 0.134109 0.0397071 0.0242089 0.0242086 
61 868 28.402 1.78639 1108.55 1309.75 0.185364 0.0272556 0.0211154 0.000270627 0.109884 0.133064 0.0471012 0.0242052 0.0242052 
62 597 25.1152 0 627.017 862.806 0.236561 0.0328499 0.0272759 8.0013e-05 0.114846 0.189031 0.0637078 0.0240529 0.0240529 
63 385 15.6996 0 342.156 569.248 0.260739 0.0394377 0.036649 0.000303444 0.119469 0.190004 0.116442 0.0240132 0.0240132 
64 284 10.4378 0.730996 200.406 331.935 0.28138 0.0521973 0.0391951 0 0.125491 0.221438 0.0948366 0.0238415 0.0238415 
65 163 8.66459 0.324397 112.424 220.923 0.434627 0.063296 0.0531046 0.000312488 0.127249 0.381886 0.137584 0.0236207 0.0236207 
66 85 5.87429 0 34.5851 143.643 0.451653 0.072796 0.06901 0.00337293 0.113539 0.399795 0.141776 0.0233446 0.0233446 
67 52 3.13142 0 17.7979 90.3853 0.536258 0.0919809 0.0887218 0 0.116578 0.485691 0.143837 0.0230764 0.0230764 
68 16 2.9902 0 15.1476 53.7923 1.00677 0.125571 0.104106 0 0.100884 0.979564 0.12724 0.0230688 0.0230688 
69 8 0.850979 0 7.71152 27.5949 0.571167 0.184326 0.133958 0.0044921 0.100083 0.463339 0.220398 0.0225403 0.0225403 
70 3 1.13401 0 -7.08743 29.4158 0.83569 0.147713 0.189039 0.00298062 0.137566 0.710292 0.341132 0.0224041 0.0224041 
71 2 0.769185 0 -10.4828 42.5119 0.779892 0.127196 0.157989 0.00849194 0.0771312 0.697685 0.270788 0.0221319 0.0221319 
