                  Reconstructed space fractional uncertainties (diagonal terms / prediction)
# BNB  MCBKG   EXT    NUM     MCSIG  err_tot  err_stat  err_mcstat  err_add  err_flux  err_det  err_xs  err_rw  err_rw_cor
0 33 13.9897 3.60196 15.4083 31.0889 0.236708 0.181105 0.0482226 0.00705886 0.0322783 0.105676 0.0838135 0.0253276 0.0313175 
1 53 21.0662 3.48334 28.4505 51.8747 0.180493 0.139336 0.0362005 0.00898506 0.0279703 0.0582457 0.0773174 0.0287098 0.0281943 
2 41 17.9277 1.95776 21.1145 46.1423 0.181313 0.14423 0.0387328 0.00407436 0.0274164 0.0531833 0.0758978 0.0297066 0.0182269 
3 38 11.3058 0.891624 25.8026 31.0036 0.22141 0.185373 0.0436938 0.00371157 0.0265782 0.0698818 0.0733768 0.0298296 0.0295376 
4 20 7.67758 1.12748 11.1949 20.2314 0.26732 0.221897 0.0543349 0.00379978 0.0294083 0.101765 0.0686193 0.0331748 0.0471711 
5 14 6.33029 1.3538 6.3159 14.9348 0.30073 0.25593 0.0679361 0.00618952 0.0336599 0.105237 0.0759464 0.0314242 0.0363568 
6 11 2.60197 0.334017 8.06401 6.80725 0.443285 0.410223 0.0991181 0.00437738 0.0308547 0.107192 0.062602 0.0274354 0.0355173 
7 9 2.00519 0.483987 6.51082 5.36656 0.503592 0.46402 0.12377 0.00453872 0.0337107 0.124292 0.0734045 0.0297658 0.00955917 
8 3 2.28638 0.833006 -0.119389 5.13635 0.494124 0.396664 0.129774 0.00513478 0.0415458 0.246132 0.0817552 0.0254356 0.0176248 
9 4 1.09157 0.0613493 2.84708 2.48943 0.74562 0.677898 0.191609 0.0145431 0.039476 0.221289 0.0876721 0.0341961 0.00976684 
10 0 0.971738 0.447178 -1.41892 2.51267 0.558644 0.446084 0.183216 0.00188672 0.0326214 0.269545 0.071495 0.0247432 0.00883805 
11 1 1.10059 0.223589 -0.324175 2.08991 0.718434 0.592433 0.175266 0.0118843 0.04782 0.345182 0.105603 0.0393719 0.0131082 
12 1 0.550497 0.609417 -0.159914 1.59936 0.937807 0.721897 0.264288 0 0.0261117 0.529248 0.0751836 0.0369708 0.0263171 
13 1 0.607465 0.0122699 0.380265 1.23559 0.994132 0.866259 0.288375 0 0.0452286 0.372122 0.10455 0.0336392 0.0463759 
14 1 0.469346 0 0.530654 0.781208 1.3675 1.17506 0.381116 0 0.0663218 0.553162 0.172168 0.0596703 0.0210562 
15 9 5.18509 0.931165 2.88375 11.4004 0.34898 0.283822 0.0872314 0.00394431 0.037065 0.158005 0.0806431 0.0254156 0.0109076 
16 33 13.9897 3.60196 1.27879 19.4582 0.268454 0.206331 0.0558831 0.0035291 0.0381766 0.0728099 0.0826942 0.0425541 0.104652 
17 53 21.0662 3.48334 9.95518 50.6845 0.22217 0.131018 0.0345874 0.00399562 0.0307489 0.0598467 0.0886803 0.0491671 0.127172 
18 41 17.9277 1.95776 14.6782 40.8343 0.224981 0.150643 0.0375879 0.00309256 0.0298718 0.0658881 0.0937994 0.0374695 0.105189 
19 38 11.3058 0.891624 13.7621 26.4199 0.24206 0.192736 0.0467362 0.00183759 0.029679 0.0570963 0.0854281 0.0311578 0.0827574 
20 20 7.67758 1.12748 1.73922 19.7314 0.260699 0.200192 0.0602281 0 0.0337457 0.084965 0.0827597 0.0338437 0.0889247 
21 14 6.33029 1.3538 1.5961 11.2778 0.321133 0.271412 0.0771453 0 0.0361107 0.110904 0.0834121 0.0269119 0.0471691 
22 11 2.60197 0.334017 2.6164 7.25746 0.413679 0.358876 0.110234 0.0061178 0.0403224 0.146784 0.0759601 0.0268703 0.0220497 
23 9 2.00519 0.483987 2.86235 4.51144 0.522234 0.478666 0.124261 0 0.0425117 0.143253 0.0694036 0.026317 0.0181098 
24 3 2.28638 0.833006 2.65106 2.98542 0.661944 0.604895 0.157621 0 0.0450376 0.184035 0.0996485 0.0345039 0.0202563 
25 4 1.09157 0.0613493 0.953789 2.7705 0.659125 0.56557 0.20374 0 0.0428523 0.249066 0.0837373 0.0346163 0.0313928 
26 0 0.971738 0.447178 -1.06093 2.26115 0.669324 0.470241 0.198544 0.00181758 0.0385575 0.417752 0.0892387 0.0366208 0.046226 
27 1 1.10059 0.223589 -0.381009 1.87632 0.895674 0.64224 0.200822 0 0.0618876 0.557705 0.158567 0.0687054 0.068562 
28 1 0.550497 0.609417 2.62515 1.62299 0.910354 0.852904 0.261612 0 0.0185089 0.172548 0.0473093 0.0190853 0.0118877 
29 1 0.607465 0.0122699 0.339041 1.00234 1.13232 0.998445 0.312245 0 0.0962679 0.394614 0.129931 0.0667657 0.0378875 
30 1 0.469346 0 -0.63808 0.905371 1.2321 0.743142 0.334129 0 0.0643229 0.906099 0.152071 0.0420914 0.0641865 
31 9 5.18509 0.931165 4.76793 10.4564 0.408318 0.311829 0.0843396 0.00211398 0.0412326 0.220754 0.100281 0.0282538 0.0328859 
32 33 13.9897 3.60196 2.33926 8.35579 0.461436 0.350147 0.0863118 0.0138048 0.053547 0.247761 0.123596 0.0307086 0.0469913 
33 53 21.0662 3.48334 1.17365 15.0253 0.348557 0.251533 0.0706541 0.0103885 0.053239 0.194236 0.102959 0.0267032 0.0353189 
34 41 17.9277 1.95776 3.5438 14.2159 0.342838 0.264545 0.0744249 0.00700142 0.0446523 0.167618 0.104385 0.0268876 0.0160372 
35 38 11.3058 0.891624 -2.63558 11.3417 0.353658 0.260755 0.0865831 0.00802378 0.0427268 0.190873 0.0981577 0.0276798 0.02934 
36 20 7.67758 1.12748 2.52813 7.24642 0.581902 0.377456 0.109767 0.0036248 0.056969 0.406973 0.117751 0.0293553 0.0218118 
37 14 6.33029 1.3538 0.0193827 4.94878 0.558133 0.43274 0.128278 0.00446667 0.0581212 0.300063 0.11096 0.026654 0.0365336 
38 11 2.60197 0.334017 0.968566 2.94236 0.717721 0.584854 0.166751 0.0066248 0.0666645 0.350457 0.126666 0.0322172 0.0295605 
39 9 2.00519 0.483987 0.268144 2.36898 0.809524 0.630608 0.179489 0.0108695 0.0656418 0.450721 0.126956 0.0280546 0.0310771 
40 3 2.28638 0.833006 -0.563517 0.864049 1.03809 0.760704 0.376661 0.0142694 0.0528061 0.574297 0.150617 0.0373473 0.0139687 
41 4 1.09157 0.0613493 0.0180773 1.15805 1.10773 0.905704 0.302082 0.00354889 0.0601841 0.541026 0.121367 0.0558791 0.0364002 
42 0 0.971738 0.447178 -0.47168 0.492348 1.53747 1.00774 0.496891 0.0448962 0.0728805 1.02497 0.196951 0.0477624 0.0490623 
43 1 1.10059 0.223589 0.71694 0.423111 2.08154 1.71059 0.612133 0 0.0720206 0.998873 0.160748 0.0512966 0.0241108 
44 1 0.550497 0.609417 1.49792 0.69513 1.5515 1.35587 0.363575 0 0.0487812 0.630511 0.170286 0.0377157 0.0789974 
45 1 0.607465 0.0122699 -0.371324 0.439875 2.16789 1.06616 0.558746 0 0.0915556 1.78612 0.21294 0.052952 0.0640416 
46 1 0.469346 0 0.519569 0.526567 1.75321 1.50165 0.462328 0 0.0436053 0.763441 0.133281 0.0305331 0.0398868 
47 9 5.18509 0.931165 -0.397348 3.98002 0.637199 0.476006 0.134992 0.00601126 0.0572335 0.374724 0.116369 0.031568 0.054306 
48 33 13.9897 3.60196 0.426775 5.51833 0.549961 0.418523 0.128271 0.000894201 0.0547142 0.290706 0.112586 0.0457935 0.0925486 
49 53 21.0662 3.48334 2.36552 14.8604 0.386229 0.256792 0.0722166 0.00152387 0.0545901 0.232666 0.116588 0.0357564 0.077642 
50 41 17.9277 1.95776 6.85165 10.0114 0.423984 0.332216 0.0867862 0.00443492 0.0515665 0.155065 0.130779 0.0449561 0.126551 
51 38 11.3058 0.891624 -0.91399 6.93871 0.474672 0.340247 0.0929685 0.00318569 0.0576608 0.255659 0.132649 0.0404684 0.113893 
52 20 7.67758 1.12748 -1.03316 5.41629 0.465993 0.381512 0.118515 0.00148838 0.0483675 0.197234 0.107574 0.0286533 0.0625824 
53 14 6.33029 1.3538 0.545046 3.69179 0.620931 0.501535 0.1371 0.00613683 0.0560521 0.310713 0.100579 0.0393494 0.061925 
54 11 2.60197 0.334017 -1.14282 2.59999 0.817327 0.500838 0.186053 0.00850179 0.0560476 0.602298 0.116557 0.0349876 0.0422247 
55 9 2.00519 0.483987 1.18487 1.27207 1.28629 0.945867 0.287341 0.0196913 0.080674 0.810892 0.10083 0.0453032 0.0253971 
56 3 2.28638 0.833006 0.431415 0.995549 1.17505 1.00298 0.355282 0 0.0531241 0.469685 0.138361 0.0659045 0.0406227 
57 4 1.09157 0.0613493 0.426349 0.699343 1.61731 1.26063 0.42968 0 0.116739 0.878493 0.180198 0.109342 0.109882 
58 0 0.971738 0.447178 0.0158203 1.02466 1.40606 0.983859 0.28741 0.00480701 0.0797487 0.946557 0.148821 0.0276952 0.0339922 
59 1 1.10059 0.223589 0.674167 0.344503 2.27471 1.92725 0.632402 0 0.132665 0.981706 0.226915 0.0901518 0.138291 
60 1 0.550497 0.609417 -0.215 0.392337 1.53461 1.1289 0.676398 0 0.0677246 0.774162 0.119548 0.0609826 0.03411 
61 1 0.607465 0.0122699 -0.150353 0.164341 3.78782 1.74426 1.12688 0 0.272957 3.13528 0.234782 0.27196 0.0412487 
62 1 0.469346 0 -0.0519463 0.119289 2.68055 2.04731 1.30278 0 0.0540196 1.12624 0.127294 0.0749513 0.0591034 
63 9 5.18509 0.931165 0.097085 2.32062 0.855377 0.639578 0.185995 0 0.0627664 0.521135 0.0975959 0.0335336 0.0429597 
