                  Reconstructed space fractional uncertainties (diagonal terms / prediction)
# BNB  MCBKG   EXT    NUM     MCSIG  err_tot  err_stat  err_mcstat  err_add  err_flux  err_det  err_xs  err_rw  err_rw_cor
0 2938 1116.77 278.325 1542.9 2729.3 0.142651 0.0193722 0.00896005 0.00413056 0.0651829 0.086615 0.0788997 0.0259108 0.03506 
1 0 0 0 0 0 inf -nan inf -nan -nan -nan -nan -nan -nan 
2 2035 977.042 188.428 869.53 2282.49 0.150934 0.0205195 0.00957013 0.0014801 0.069929 0.0838441 0.0852084 0.033824 0.0440655 
3 1 0.602456 0 0.397544 0.602456 5.13762 1.38327 0.965808 0 0.244248 4.7416 1.00277 0.022 0.022 
4 884 552.01 199.12 132.87 913.057 0.167992 0.0329143 0.0178245 0.00638585 0.0639445 0.0989739 0.10917 0.0195937 0.0243411 
5 1 0 0 1 0 inf -nan inf -nan -nan -nan -nan -nan -nan 
6 585 417.61 87.4101 79.9803 641.404 0.194715 0.0388656 0.0208318 0.0020958 0.0711273 0.12539 0.118289 0.0214552 0.0270307 
7 0 0.535202 1.05539 -1.5906 1.5906 1.64659 0.560667 0.558226 0 0.0790341 1.44112 0.0459559 0.00740254 0.00740254 
