 Stat. Cov. (reco space) 
[[2795.49, 0, 0, 0, 0, 0, 0, 0],
[0, 0, 0, 0, 0, 0, 0, 0],
[0, 0, 2193.56, 0, 0, 0, 0, 0],
[0, 0, 0, 0.694485, 0, 0, 0, 0],
[0, 0, 0, 0, 903.161, 0, 0, 0],
[0, 0, 0, 0, 0, 0, 0, 0],
[0, 0, 0, 0, 0, 0, 621.432, 0],
[0, 0, 0, 0, 0, 0, 0, 0.795298]]

 MC Stat. Cov. (reco space) 
[[598.03, 0, 0, 0, 0, 0, 0, 0],
[0, 0.250592, 0, 0, 0, 0, 0, 0],
[0, 0, 477.147, 0, 0, 0, 0, 0],
[0, 0, 0, 0.338557, 0, 0, 0, 0],
[0, 0, 0, 0, 264.869, 0, 0, 0],
[0, 0, 0, 0, 0, 0.250592, 0, 0],
[0, 0, 0, 0, 0, 0, 178.533, 0],
[0, 0, 0, 0, 0, 0, 0, 0.788387]]

 Dirt Cov. (reco space) 
[[127.093, 0, 0, 0, 0, 0, 0, 0],
[0, 0, 0, 0, 0, 0, 0, 0],
[0, 0, 11.4129, 0, 0, 0, 0, 0],
[0, 0, 0, 0, 0, 0, 0, 0],
[0, 0, 0, 0, 33.9965, 0, 0, 0],
[0, 0, 0, 0, 0, 0, 0, 0],
[0, 0, 0, 0, 0, 0, 1.80703, 0],
[0, 0, 0, 0, 0, 0, 0, 0]]

 Flux Cov. (reco space) 
[[31649.7, 0, 26808.2, 10.9332, 10236.5, 0, 7501.6, 0.144407],
[0, 0, 0, 0, 0, 0, 0, 0],
[26808.2, 0, 25476, 8.74405, 8829.53, 0, 7181.7, 0.828213],
[10.9332, 0, 8.74405, 0.0216527, 3.72734, 0, 2.30709, -0.00793853],
[10236.5, 0, 8829.53, 3.72734, 3408.8, 0, 2505.03, 0.100178],
[0, 0, 0, 0, 0, 0, 0, 0],
[7501.6, 0, 7181.7, 2.30709, 2505.03, 0, 2081.31, 0.638584],
[0.144407, 0, 0.828213, -0.00793853, 0.100178, 0, 0.638584, 0.0158033]]

 Det. Cov. (reco space) 
[[55884, 0, -35330.3, 97.341, 13808.4, 0, -12454.6, 144.245],
[0, 0, 0, 0, 0, 0, 0, 0],
[-35330.3, 0, 36623.6, -124.265, -11248.7, 0, 10563, -173.324],
[97.341, 0, -124.265, 8.16018, 25.5783, 0, -45.2707, 0.88496],
[13808.4, 0, -11248.7, 25.5783, 8166.53, 0, -3538.13, 61.5173],
[0, 0, 0, 0, 0, 0, 0, 0],
[-12454.6, 0, 10563, -45.2707, -3538.13, 0, 6468.32, -42.1181],
[144.245, 0, -173.324, 0.88496, 61.5173, 0, -42.1181, 5.25437]]

 XSec. Cov. (reco space) 
[[46371.7, 0, 38609.4, 58.5338, 20661.1, 0, 14666.1, -0.542413],
[0, 0, 0, 0, 0, 0, 0, 0],
[38609.4, 0, 37825.2, 59.5059, 17807.7, 0, 13973.1, 1.34769],
[58.5338, 0, 59.5059, 0.364965, 33.3787, 0, 28.7638, -0.00380557],
[20661.1, 0, 17807.7, 33.3787, 9935.87, 0, 7161.84, -0.386412],
[0, 0, 0, 0, 0, 0, 0, 0],
[14666.1, 0, 13973.1, 28.7638, 7161.84, 0, 5756.42, 0.399709],
[-0.542413, 0, 1.34769, -0.00380557, -0.386412, 0, 0.399709, 0.00534321]]

 RW Cov. (reco space) 
[[5001.09, 0, 2284.76, 0.714676, 1202.2, 0, 676.565, 0.634895],
[0, 0, 0, 0, 0, 0, 0, 0],
[2284.76, 0, 5960.27, 0.610604, 563.476, 0, 878.332, 0.542441],
[0.714676, 0, 0.610604, 0.000175669, 0.208176, 0, 0.161538, 0.000156059],
[1202.2, 0, 563.476, 0.208176, 320.057, 0, 187.414, 0.184937],
[0, 0, 0, 0, 0, 0, 0, 0],
[676.565, 0, 878.332, 0.161538, 187.414, 0, 189.378, 0.143506],
[0.634895, 0, 0.542441, 0.000156059, 0.184937, 0, 0.143506, 0.000138638]]

 RW corr Cov. (reco space) 
[[9156.41, 0, 9543.35, 0.714676, 2086.57, 0, 1629.89, 0.634895],
[0, 0, 0, 0, 0, 0, 0, 0],
[9543.35, 0, 10116.1, 0.610604, 2129.02, 0, 1663.81, 0.542441],
[0.714676, 0, 0.610604, 0.000175669, 0.208176, 0, 0.161538, 0.000156059],
[2086.57, 0, 2129.02, 0.208176, 493.942, 0, 385.313, 0.184937],
[0, 0, 0, 0, 0, 0, 0, 0],
[1629.89, 0, 1663.81, 0.161538, 385.313, 0, 300.593, 0.143506],
[0.634895, 0, 0.542441, 0.000156059, 0.184937, 0, 0.143506, 0.000138638]]

 Tot. Cov. (reco space) 
[[151584, 0, 41915.4, 168.237, 47994.7, 0, 12019.6, 145.117],
[0, 0.250592, 0, 0, 0, 0, 0, 0],
[41915.4, 0, 118683, -54.7939, 18081, 0, 34259.9, -170.063],
[168.237, 0, -54.7939, 9.5802, 63.1007, 0, -13.8767, 0.873528],
[47994.7, 0, 18081, 63.1007, 23527.2, 0, 6701.46, 61.601],
[0, 0, 0, 0, 0, 0.250592, 0, 0],
[12019.6, 0, 34259.9, -13.8767, 6701.46, 0, 15597.8, -40.7928],
[145.117, 0, -170.063, 0.873528, 61.601, 0, -40.7928, 6.85948]]

-------------------------------------------------------------------------------

 Stat. Cov. (unfolded space) 
[[1.80255e-07, 1.75865e-07],
[1.75865e-07, 1.7159e-07]]

 MC Stat. Cov. (unfolded space) 
[[4.72705e-08, 4.61401e-08],
[4.61401e-08, 4.50393e-08]]

 Dirt Cov. (unfolded space) 
[[4.99338e-09, 4.84885e-09],
[4.84885e-09, 4.70856e-09]]

 Flux Cov. (unfolded space) 
[[4.21092e-07, 4.11147e-07],
[4.11147e-07, 4.01439e-07]]

 Det. Cov. (unfolded space) 
[[7.50222e-07, 7.31143e-07],
[7.31143e-07, 7.1261e-07]]

 XSec. Cov. (unfolded space) 
[[3.06267e-07, 2.99199e-07],
[2.99199e-07, 2.92297e-07]]

 RW Cov. (unfolded space) 
[[1.16784e-07, 1.14298e-07, ],
[1.14298e-07, 1.11869e-07, ]]

 RW corr Cov. (unfolded space) 
[[2.93673e-07, 2.87034e-07, ],
[2.87034e-07, 2.80545e-07, ]]

 Tot. Cov. (unfolded space) 
[[2.12056e-06, 2.06967e-06],
[2.06967e-06, 2.0201e-06]]

