                  Reconstructed space fractional uncertainties (diagonal terms / prediction)
# BNB  MCBKG   EXT    NUM     MCSIG  err_tot  err_stat  err_mcstat  err_add  err_flux  err_det  err_xs  err_rw  err_rw_cor
0 239 95.005 16.3519 127.643 234.694 0.168649 0.0654723 0.0170979 0.00560454 0.0678762 0.10591 0.0772186 0.0354254 0.0281129 
1 0 0 0 0 0 inf -nan inf -nan -nan -nan -nan -nan -nan 
2 239 95.005 16.3519 57.9074 203.993 0.20021 0.0666797 0.017649 0.00250754 0.0735224 0.0955007 0.0915511 0.0416109 0.103349 
3 0 0 0 -0.0619563 0.0619563 6.14771 2.84081 2.54708 0 0.244248 4.70853 1.00277 0.022 0.022 
4 239 95.005 16.3519 9.33139 75.0243 0.217633 0.113214 0.0319843 0.00802815 0.0693999 0.126476 0.108543 0.022458 0.0189996 
5 0 0 0 0 0 inf -nan inf -nan -nan -nan -nan -nan -nan 
6 239 95.005 16.3519 9.74734 56.2704 0.260224 0.131521 0.0364677 0.00286547 0.073072 0.156464 0.117906 0.0300811 0.0667322 
7 0 0 0 -0.0992462 0.0992462 4.22012 2.24454 1.64482 0 0.176808 3.16601 0.102808 0.0165603 0.0165603 
