                  Reconstructed space fractional uncertainties (diagonal terms / prediction)
# BNB  MCBKG   EXT    NUM     MCSIG  err_tot  err_stat  err_mcstat  err_add  err_flux  err_det  err_xs  err_rw  err_rw_cor
0 76 30.6741 8.8701 36.4558 71.4492 0.272742 0.119503 0.0573332 0.00710281 0.0325661 0.215966 0.0789648 0.0291928 0.0444978 
1 69 32.0874 8.00065 28.912 65.2013 0.286924 0.124995 0.0640324 0.00308926 0.0337109 0.225207 0.0935899 0.0314786 0.0314277 
2 60 23.3986 6.94525 29.6561 54.8356 0.282035 0.137022 0.067868 0.0161586 0.0308248 0.215272 0.0876259 0.0256169 0.0165753 
3 61 29.6368 6.5602 24.803 59.4083 0.263012 0.130309 0.0608244 0.00520513 0.0401574 0.181715 0.0948919 0.0322566 0.0615643 
4 66 24.7128 4.38598 36.9012 52.3223 0.304908 0.143285 0.0674941 0.00722725 0.0366914 0.236048 0.0967641 0.0303515 0.0219415 
5 91 25.0611 7.91845 58.0204 59.0926 0.257978 0.138428 0.06779 0.00793666 0.0304391 0.182207 0.0832893 0.0271687 0.0305093 
6 71 32.7894 13.0326 25.1779 77.1639 0.22826 0.112227 0.055504 0.00343418 0.0291808 0.166506 0.0784213 0.0264489 0.0314633 
7 89 31.3308 13.0282 44.6409 78.9398 0.208197 0.114734 0.0538626 0.00491404 0.0258622 0.133137 0.0843951 0.0280429 0.0308827 
8 94 42.4167 18.0299 33.5534 103.746 0.198779 0.0965241 0.0494466 0.00658862 0.0272961 0.130936 0.0922715 0.026784 0.0242249 
9 158 57.4353 22.9493 77.6154 143.297 0.194008 0.0848641 0.0411187 0.00716079 0.0275067 0.136012 0.0910881 0.0276252 0.0194734 
10 167 68.9546 30.2118 67.8336 175.435 0.175671 0.0748716 0.0369893 0.00396161 0.0285716 0.110549 0.0929408 0.0271613 0.0381792 
11 259 108.416 30.8347 119.749 255.891 0.16405 0.0626388 0.0310862 0.00395078 0.0294226 0.100955 0.0968367 0.0261653 0.0297879 
12 341 134.789 29.0654 177.145 324.506 0.144616 0.0559652 0.0253325 0.00569871 0.0294921 0.0768232 0.0932695 0.0262813 0.0307551 
13 489 195.764 31.825 261.411 463.069 0.133388 0.0468867 0.0205726 0.00286292 0.0319876 0.0772267 0.0787498 0.0280062 0.0344877 
14 847 345.57 46.6672 454.763 811.197 0.11381 0.0353605 0.0160756 0.00287447 0.0334747 0.0563519 0.0778258 0.0272356 0.018464 
15 0 0 0 0 0 inf -nan inf -nan -nan -nan -nan -nan -nan 
16 90 61.4568 5.49044 23.0528 115.351 0.213357 0.0890228 0.0425397 0.00124405 0.0435064 0.111653 0.102448 0.0370073 0.0977775 
17 82 50.0352 4.95257 27.0123 94.3725 0.253421 0.100443 0.047871 0.00267772 0.0417506 0.167169 0.0992851 0.040642 0.103135 
18 73 37.8655 5.43419 29.7003 82.9282 0.235814 0.107404 0.0469864 0.0021246 0.0353369 0.114607 0.0925737 0.0452814 0.129832 
19 95 43.4736 10.8093 40.7171 93.0979 0.238085 0.103988 0.0503582 0.00256232 0.0356284 0.14511 0.0934 0.0423698 0.102389 
20 93 35.2786 12.8307 44.8907 88.2061 0.217637 0.107402 0.0493026 0.00276855 0.0272455 0.115408 0.0767214 0.0411023 0.108421 
21 95 41.0851 7.84342 46.0715 88.7914 0.226163 0.107299 0.0477515 0 0.0330145 0.108566 0.0856475 0.0463626 0.122454 
22 88 43.5903 13.602 30.8077 100.963 0.228529 0.097165 0.0463042 0 0.0314302 0.114384 0.0890549 0.0442111 0.129164 
23 98 54.6212 15.0656 28.3132 119.73 0.269597 0.0881889 0.0448453 0.00091412 0.0310079 0.185004 0.0991135 0.044495 0.126104 
24 110 62.3607 14.2149 33.4244 137.492 0.211997 0.0819381 0.0429868 0.00481651 0.0320153 0.114014 0.0893712 0.0400792 0.112872 
25 108 61.6638 11.7406 34.5956 136.568 0.213409 0.0820309 0.0395004 0.000604755 0.0344212 0.101456 0.102014 0.041289 0.116891 
26 144 69.1278 8.33941 66.5327 150.072 0.207417 0.0810623 0.0372125 0.00151057 0.0339691 0.0893084 0.116834 0.037195 0.104404 
27 138 76.2536 22.749 38.9974 193.516 0.189676 0.067502 0.0352127 0.00285503 0.0304598 0.0890015 0.100094 0.0334332 0.100929 
28 198 107.187 15.0353 75.7773 237.31 0.198158 0.0628677 0.0297952 0.00195429 0.0375397 0.113209 0.10916 0.0341544 0.084349 
29 276 124.29 19.8135 131.897 294.56 0.167291 0.0576235 0.0263927 0.00155948 0.0352551 0.0899566 0.0928538 0.0298929 0.071529 
30 348 213.366 20.507 114.127 454.058 0.137297 0.0447131 0.021603 0.00101408 0.0423641 0.0546127 0.0878919 0.0309249 0.0540833 
31 0 0 0 0 0 inf -nan inf -nan -nan -nan -nan -nan -nan 
32 39 22.0674 4.46818 12.4644 30.6488 0.511713 0.187445 0.0943604 0.0101155 0.0617241 0.439357 0.133895 0.0299099 0.0451799 
33 15 18.093 8.45632 -11.5493 28.9127 0.513158 0.162539 0.109378 0.0104118 0.0548408 0.457204 0.104542 0.02292 0.0366468 
34 20 14.4945 5.18041 0.325059 21.6401 0.635732 0.212087 0.119806 0.0314212 0.0635318 0.562482 0.145934 0.0276552 0.0367422 
35 19 13.8515 8.96225 -3.81375 25.5338 0.615949 0.187446 0.113449 0.00594408 0.0486072 0.555906 0.120729 0.0333741 0.0653271 
36 25 14.1916 6.04985 4.75857 21.9776 0.830336 0.217742 0.131978 0 0.0505415 0.778772 0.117767 0.0331569 0.024892 
37 23 8.99223 7.75404 6.25373 19.184 0.466004 0.234901 0.130519 0.0150065 0.0423275 0.360756 0.095727 0.027752 0.0533857 
38 20 17.5325 12.6923 -10.2248 32.9163 0.431958 0.158109 0.100926 0.00665007 0.041252 0.370725 0.0961252 0.0330143 0.0434758 
39 33 17.3037 13.9827 1.7136 35.9449 0.407741 0.164368 0.0934838 0.00816151 0.0404658 0.335111 0.110435 0.0265744 0.0599244 
40 23 18.8649 9.38762 -5.25256 31.9866 0.886747 0.166315 0.0987753 0.00661903 0.047999 0.856146 0.107862 0.0249654 0.0362183 
41 35 23.7012 9.16696 2.13187 38.509 0.390995 0.158519 0.0835354 0.00523056 0.0511548 0.315276 0.127159 0.0265319 0.0430598 
42 42 24.5605 10.1936 7.2459 42.579 0.346416 0.1529 0.0810457 0.00538354 0.0509414 0.26382 0.119957 0.0338305 0.0479404 
43 64 37.844 12.8076 13.3484 61.9926 0.304522 0.127677 0.0666132 0.00760147 0.0493058 0.230304 0.123494 0.0303533 0.0171537 
44 84 54.343 20.8761 8.78088 92.9301 0.364984 0.101944 0.0546435 0.0100696 0.0493014 0.319901 0.111956 0.0270106 0.0412595 
45 162 102.815 25.8402 33.3452 157.919 0.239776 0.0799125 0.0409056 0.00617941 0.0504203 0.172573 0.123275 0.0259714 0.0346468 
46 281 182.51 43.3019 55.1884 289.537 0.206261 0.0584736 0.031983 0.00481207 0.0539794 0.15193 0.103738 0.0241908 0.0271085 
47 0 0 0 0 0 inf -nan inf -nan -nan -nan -nan -nan -nan 
48 41 25.9277 6.71024 8.36204 36.9753 0.440126 0.167212 0.0872323 0 0.0557214 0.357471 0.134624 0.0387066 0.0873444 
49 15 16.3837 2.51739 -3.90112 21.9437 0.928307 0.198694 0.111178 0.00922615 0.0811005 0.879168 0.160087 0.045121 0.0514982 
50 21 14.7693 3.53247 2.69827 21.9158 0.628674 0.212074 0.117155 0 0.058355 0.552581 0.134643 0.0399153 0.0897638 
51 20 12.8698 1.70419 5.42599 18.0797 0.573989 0.239039 0.11749 0.0101021 0.0685244 0.465827 0.156188 0.0392757 0.103876 
52 19 14.1639 5.31168 -0.47554 23.2789 0.529746 0.199894 0.114293 0 0.0559115 0.450466 0.122391 0.0342723 0.0735507 
53 17 14.9671 5.89704 -3.86419 24.8203 0.430043 0.186904 0.110757 0 0.0543456 0.325687 0.137979 0.035305 0.0917965 
54 29 17.53 4.67724 6.7928 26.3933 0.457557 0.197633 0.109242 0.00261565 0.0542733 0.362834 0.12803 0.0349047 0.0784575 
55 25 16.7116 4.28501 4.0034 25.9049 0.455018 0.195301 0.099459 0.00505703 0.047356 0.358318 0.116549 0.0456411 0.112605 
56 31 19.6143 3.80779 7.57786 29.3613 0.429616 0.186197 0.0909485 0 0.0816733 0.323526 0.113352 0.0411844 0.125477 
57 32 20.5781 9.82893 1.59299 37.3055 0.387243 0.159379 0.09475 0 0.0463695 0.303551 0.131702 0.032984 0.0533944 
58 28 29.4808 5.96047 -7.44127 44.4663 0.373487 0.137124 0.0799595 0.00704038 0.0555042 0.291783 0.118958 0.040677 0.101106 
59 48 30.0421 5.48326 12.4746 46.5581 0.546736 0.147295 0.0767112 0.00150804 0.054857 0.489343 0.144197 0.0368734 0.0819726 
60 49 42.4986 11.4581 -4.95667 70.3932 0.328651 0.11136 0.0611102 0.000980715 0.0534092 0.259541 0.110377 0.0346541 0.0909771 
61 77 55.1099 8.56006 13.33 83.8815 0.393896 0.107595 0.055728 0.00378972 0.056466 0.335834 0.127465 0.0339282 0.0841793 
62 133 105.737 8.73164 18.5313 149.956 0.336416 0.0799798 0.0446963 0.00232321 0.0641568 0.288417 0.120022 0.0303649 0.0463509 
63 0 0 0 0 0 inf -nan inf -nan -nan -nan -nan -nan -nan 
