                  Reconstructed space fractional uncertainties (diagonal terms / prediction)
# BNB  MCBKG   EXT    NUM     MCSIG  err_tot  err_stat  err_mcstat  err_add  err_flux  err_det  err_xs  err_rw  err_rw_cor
0 2 7.30135 0 -5.30135 7.8915 1.2413 0.252859 0.28885 0 0.081837 1.13604 0.308557 0.0220154 0.0220154 
1 79 33.555 0.730996 44.714 55.695 0.420536 0.141114 0.0711058 0 0.071803 0.363857 0.11394 0.0236037 0.0281733 
2 185 64.0064 1.05539 119.938 142.983 0.29868 0.0869869 0.0434215 0.000889806 0.0705189 0.251635 0.101428 0.0230395 0.0254047 
3 164 76.8221 2.10361 85.0743 200.205 0.314886 0.0682093 0.0383776 0 0.076294 0.28252 0.0791412 0.0232205 0.0242276 
4 138 68.0048 0.813198 69.182 177.653 0.296777 0.0716723 0.0380406 0 0.0831659 0.26295 0.0648668 0.023416 0.0260227 
5 109 59.3346 1.1376 48.5278 153.469 0.304539 0.075736 0.0409184 0 0.090702 0.266297 0.0713897 0.0233683 0.0234563 
6 82 51.9869 1.45481 28.5583 125.831 0.425643 0.0821298 0.0458899 0 0.0881454 0.39493 0.0865058 0.0241911 0.0226479 
7 59 39.0394 1.04821 18.9124 96.2136 0.605458 0.0926712 0.0517623 0 0.0990408 0.580227 0.0878999 0.0241531 0.0230109 
8 40 34.2938 0 5.70624 71.9375 0.536099 0.10478 0.0628787 0.000959662 0.104168 0.499206 0.105479 0.0246068 0.0260653 
9 30 21.8639 0 8.13607 57.7679 0.59818 0.115018 0.0690231 0 0.117048 0.559722 0.107565 0.024964 0.0253645 
10 25 21.9347 0 3.06531 42.5675 0.61776 0.137963 0.0786677 0 0.0995115 0.57849 0.102169 0.0265798 0.0265715 
11 10 14.55 0.324397 -4.87439 31.8487 0.828122 0.134786 0.0964456 0.00404114 0.131687 0.794238 0.0899878 0.0285422 0.035113 
12 7 14.7266 0.324397 -8.051 27.5682 1.17768 0.135371 0.102881 0 0.110914 1.15446 0.0969906 0.0369983 0.0465111 
13 9 10.9056 0 -1.90558 17.9412 0.787765 0.204625 0.125469 0 0.133532 0.714315 0.181326 0.0309215 0.0323588 
14 11 7.5142 0 3.4858 12.1058 0.976311 0.282713 0.159058 0 0.11031 0.901838 0.134389 0.0451708 0.0487451 
15 1 3.8888 0 -2.8888 6.96163 1.05308 0.219286 0.206849 0 0.137104 0.98802 0.148672 0.0225294 0.0225294 
16 2 6.06328 0 -4.06328 8.85087 1.26604 0.229676 0.175265 0 0.153101 1.21136 0.166023 0.0222711 0.0222711 
17 0 3.20483 0 -3.20483 5.20218 2.92779 0.310022 0.24652 0 0.181453 2.89089 0.15444 0.0224017 0.0224017 
18 2 3.42423 0 -1.42423 4.49463 2.15562 0.396421 0.260555 0 0.0994559 2.09308 0.172585 0.0221554 0.0221554 
19 1 3.70331 0 -2.70331 4.29345 1.54236 0.333206 0.287451 0 0.136608 1.45478 0.221836 0.0220519 0.0220519 
20 4 15.4875 0 -11.4875 17.0444 0.808759 0.167665 0.126945 0 0.125533 0.76083 0.119469 0.0220229 0.0220229 
21 2 7.30135 0 -0.196715 0.196715 2.92764 1.59428 2.36407 0 0.0462684 0 0.661331 0.022 0.022 
22 79 33.555 0.730996 -0.628235 6.75358 1.2133 0.364103 0.217977 0 0.124572 1.10929 0.212115 0.0220762 0.0220762 
23 185 64.0064 1.05539 29.4841 75.6391 0.37775 0.110641 0.072764 0 0.0676707 0.32146 0.12675 0.0232985 0.025188 
24 164 76.8221 2.10361 101.733 206.508 0.250042 0.0659412 0.0355338 0 0.062792 0.213674 0.0781149 0.0237066 0.025436 
25 138 68.0048 0.813198 166.396 273.467 0.227917 0.0592457 0.0313871 0 0.0642627 0.183603 0.0918528 0.0234473 0.0249884 
26 109 59.3346 1.1376 145.627 301.211 0.207972 0.0547147 0.0295953 0 0.0727173 0.166572 0.0723015 0.0235611 0.0237954 
27 82 51.9869 1.45481 118.932 277.585 0.337997 0.0563048 0.0307523 0 0.0755978 0.313483 0.0705324 0.0236299 0.0246257 
28 59 39.0394 1.04821 91.893 225.41 0.221266 0.0631087 0.0378997 0 0.0871877 0.161892 0.0924508 0.024071 0.024547 
29 40 34.2938 0 87.395 190.679 0.329073 0.0694409 0.038421 0 0.0931128 0.295216 0.0710503 0.0241763 0.0231531 
30 30 21.8639 0 38.4675 152.577 0.315771 0.0736667 0.041797 0 0.106234 0.273456 0.0712852 0.0249824 0.0277156 
31 25 21.9347 0 23.7677 120.65 0.315146 0.0819856 0.0474057 0 0.109014 0.266387 0.07952 0.0244313 0.0241176 
32 10 14.55 0.324397 2.40283 89.555 0.410526 0.0905823 0.0592065 0 0.117849 0.362903 0.0943477 0.0281585 0.039235 
33 7 14.7266 0.324397 11.0616 62.9891 0.41342 0.11478 0.0645017 0 0.112739 0.361014 0.0971236 0.0235321 0.0235208 
34 9 10.9056 0 4.81496 43.7374 0.453457 0.136483 0.0786396 0 0.118386 0.390127 0.115394 0.0254499 0.025167 
35 11 7.5142 0 -5.00358 36.2207 0.694452 0.136972 0.090491 0 0.109614 0.654245 0.0995809 0.042154 0.059739 
36 1 3.8888 0 -10.131 32.6581 0.736748 0.122895 0.0911469 0 0.10628 0.697352 0.144242 0.0221991 0.022195 
37 2 6.06328 0 -8.72304 22.9554 0.716147 0.157336 0.109596 0 0.12076 0.667401 0.123 0.0219642 0.0219642 
38 0 3.20483 0 -3.99603 14.6211 0.929595 0.204128 0.133896 0 0.131431 0.870135 0.170694 0.0224033 0.0224033 
39 2 3.42423 0 -5.5824 13.7102 0.899019 0.214811 0.145245 0 0.0860117 0.847008 0.117418 0.0335358 0.0355354 
40 1 3.70331 0 -4.23477 11.379 1.24602 0.248314 0.159544 0 0.109451 1.1982 0.12967 0.0220974 0.0220974 
41 4 15.4875 0 -24.5086 44.2067 0.662176 0.117123 0.0761636 0 0.0868469 0.629815 0.117386 0.022031 0.022031 
42 2 7.30135 0 5.7496 4.7658 3.92062 0.498853 0.277271 0 0.10023 3.87335 0.178486 0.0193568 0.0193568 
43 79 33.555 0.730996 121.41 69.0558 0.487422 0.132627 0.0649026 0.00120298 0.075473 0.450794 0.0767237 0.0228192 0.0214074 
44 185 64.0064 1.05539 223.486 166.198 0.319401 0.0827009 0.0411322 0.000851185 0.0814066 0.28587 0.0637859 0.0233022 0.022902 
45 164 76.8221 2.10361 258.893 218.748 0.334712 0.0709821 0.0365594 0.00118311 0.0907894 0.305275 0.0559443 0.0233188 0.0233805 
46 138 68.0048 0.813198 195.034 232.943 0.32389 0.0658883 0.0334153 0.00175459 0.091819 0.296692 0.0436742 0.0233951 0.0230691 
47 109 59.3346 1.1376 156.445 194.318 0.306866 0.0720791 0.0383448 0 0.102831 0.271496 0.0458501 0.0237533 0.0234549 
48 82 51.9869 1.45481 125.394 152.703 0.318367 0.0818692 0.0421553 0.00125654 0.104356 0.275549 0.0698279 0.0243956 0.0242499 
49 59 39.0394 1.04821 101.24 106.169 0.33294 0.0989709 0.0498454 0.000650242 0.116779 0.278797 0.0776844 0.0240552 0.0242944 
50 40 34.2938 0 67.2093 93.4153 0.390279 0.101798 0.0528538 0.000827416 0.108078 0.349611 0.060931 0.0250341 0.0302058 
51 30 21.8639 0 43.5074 67.5576 0.446288 0.116872 0.0639473 0.00250295 0.117666 0.400496 0.0774588 0.0246684 0.0238235 
52 25 21.9347 0 50.2693 49.4553 0.98053 0.146556 0.0744582 0 0.126583 0.950669 0.113066 0.0279582 0.0324922 
53 10 14.55 0.324397 23.1755 34.0418 0.608624 0.16767 0.0905471 0.00561088 0.115903 0.531407 0.191443 0.026288 0.0301721 
54 7 14.7266 0.324397 27.1493 23.1267 1.29018 0.219158 0.118243 0 0.124172 1.25004 0.141043 0.0416491 0.054021 
55 9 10.9056 0 13.7092 16.5177 1.69406 0.247223 0.140333 0 0.127886 1.65282 0.192766 0.0439162 0.042395 
56 11 7.5142 0 14.2896 10.8662 1.12132 0.321014 0.152702 0 0.102363 1.04808 0.144623 0.0238727 0.0238727 
57 1 3.8888 0 8.80179 7.29213 1.39774 0.393056 0.205053 0 0.129088 1.30367 0.200057 0.0212337 0.0212337 
58 2 6.06328 0 9.82149 6.11644 1.22401 0.438054 0.222713 0 0.124429 1.10657 0.125634 0.021602 0.021602 
59 0 3.20483 0 7.19997 4.71128 2.07654 0.495944 0.258927 0 0.129901 1.99195 0.115455 0.0220785 0.0220785 
60 2 3.42423 0 7.80498 2.2776 3.98438 0.759289 0.399023 0 0.150657 3.87734 0.286186 0.0241902 0.0241902 
61 1 3.70331 0 5.6756 1.30628 4.7506 1.01763 0.565054 0 0.0959178 4.5721 0.547151 0.0184885 0.0184885 
62 4 15.4875 0 4.53574 10.7782 0.912697 0.300722 0.189335 0 0.0669214 0.833487 0.083782 0.0163621 0.0163621 
63 2 7.30135 0 0 0 inf -nan inf -nan -nan -nan -nan -nan -nan 
64 79 33.555 0.730996 8.20719 6.95065 1.023 0.404963 0.20783 0 0.100944 0.904005 0.104678 0.0219812 0.0219812 
65 185 64.0064 1.05539 115.534 77.215 0.35009 0.121943 0.0571134 0 0.0821346 0.306276 0.0524698 0.0237622 0.0237171 
66 164 76.8221 2.10361 250.244 244.294 0.236593 0.0650945 0.0327794 0 0.0819632 0.19399 0.0716933 0.0241084 0.0243557 
67 138 68.0048 0.813198 351.742 362.067 0.193467 0.0532144 0.0268968 0 0.083039 0.153573 0.0474637 0.0238584 0.0239135 
68 109 59.3346 1.1376 348.306 380.2 0.257514 0.0515231 0.0259016 0 0.0949061 0.224289 0.0499815 0.0239729 0.0245364 
69 82 51.9869 1.45481 270.742 337.786 0.218235 0.0539709 0.0278959 0.000773217 0.097346 0.176627 0.0460491 0.0238291 0.0239433 
70 59 39.0394 1.04821 209.087 294.736 0.250974 0.0567512 0.0302253 0 0.107979 0.204718 0.0644418 0.0239605 0.0236221 
71 40 34.2938 0 185.239 225.534 0.298137 0.0666107 0.0339627 0.000367786 0.11101 0.255196 0.0681095 0.0248196 0.024325 
72 30 21.8639 0 123.559 190.918 0.270274 0.0703114 0.0379685 3.05849e-09 0.119719 0.212062 0.0779568 0.0244641 0.026158 
73 25 21.9347 0 101.015 126.558 0.31059 0.0887064 0.0468789 0.00105324 0.127461 0.254454 0.0591443 0.0258591 0.0351996 
74 10 14.55 0.324397 68.6409 112.177 0.400543 0.0915132 0.0505383 0 0.124911 0.359168 0.0567386 0.0251652 0.0323861 
75 7 14.7266 0.324397 63.4504 74.5718 0.459191 0.117364 0.0635406 0 0.126058 0.410576 0.0742216 0.0322526 0.0450864 
76 9 10.9056 0 38.6089 49.85 0.458896 0.140224 0.0744174 0 0.130708 0.404247 0.0603753 0.0242614 0.0255182 
77 11 7.5142 0 33.7544 38.3329 0.954621 0.163918 0.0849848 0 0.137897 0.922086 0.0794705 0.0270987 0.0300247 
78 1 3.8888 0 15.7007 31.4125 0.633866 0.169891 0.0974161 0 0.0933827 0.591201 0.0603443 0.0281556 0.0275672 
79 2 6.06328 0 10.8847 19.6953 0.826454 0.214421 0.118169 0.00619904 0.129663 0.770546 0.106836 0.0232366 0.0232366 
80 0 3.20483 0 9.95895 12.1097 1.09668 0.294058 0.162998 0 0.108644 1.03052 0.112868 0.0395816 0.039905 
81 2 3.42423 0 5.63983 10.8194 0.888131 0.294264 0.168411 0 0.0911996 0.811127 0.0816098 0.021423 0.021423 
82 1 3.70331 0 6.96802 9.54711 3.05927 0.33101 0.198765 0 0.0713483 3.03254 0.0899509 0.0172956 0.0172956 
83 4 15.4875 0 30.2687 31.0101 0.707254 0.18796 0.0984583 0 0.0821856 0.665845 0.0651624 0.0204368 0.0204368 
