                  Reconstructed space fractional uncertainties (diagonal terms / prediction)
# BNB  MCBKG   EXT    NUM     MCSIG  err_tot  err_stat  err_mcstat  err_add  err_flux  err_det  err_xs  err_rw  err_rw_cor
0 4 2.60517 0.434908 0.959918 5.02574 0.546148 0.428144 0.1197 0.026861 0.0392334 0.292893 0.0984476 0.0371877 0.0390015 
1 8 1.40909 0.248129 6.34278 4.04203 0.582832 0.544296 0.123857 0.00595953 0.0255396 0.145993 0.0642818 0.0248389 0.0366468 
2 5 1.33627 0.248129 3.4156 3.84097 0.595614 0.53118 0.130851 0 0.0234315 0.220942 0.0698139 0.0280759 0.0213589 
3 3 1.13228 0.434908 1.43281 2.86884 0.655901 0.594751 0.172151 0.00783709 0.0261597 0.194783 0.0846613 0.0286886 0.0128439 
4 2 1.93255 0.284938 -0.217488 3.95412 0.510378 0.436772 0.126347 0.00559025 0.0407547 0.204215 0.0930199 0.0287867 0.0295736 
5 8 1.62132 0.309478 6.06921 3.34899 0.722465 0.608582 0.135951 0.00514309 0.0375565 0.346797 0.0946314 0.0291685 0.0398629 
6 6 1.25485 0 4.74515 3.01789 0.680946 0.630203 0.157188 0.00272363 0.0309296 0.172325 0.0981566 0.0356314 0.0161054 
7 4 1.46728 0.483987 2.04873 3.57931 0.609619 0.538083 0.14205 0.0146909 0.03083 0.22876 0.0810472 0.022651 0.0366627 
8 3 1.98494 0.683036 0.332023 4.64993 0.50851 0.426309 0.128046 0.0111016 0.0278954 0.219342 0.0971312 0.0294137 0.0336911 
9 8 1.36277 0.0736191 6.56361 4.09485 0.591062 0.540063 0.129111 0.00100365 0.0226142 0.187406 0.065132 0.0216 0.025976 
10 5 2.4183 0.732116 1.84958 6.2386 0.435629 0.384794 0.11057 0.00204904 0.0244896 0.146362 0.0750426 0.0287277 0.0315904 
11 4 2.50237 0.931165 0.566463 6.25432 0.426026 0.366883 0.105604 0.0142882 0.030295 0.151513 0.101084 0.0284126 0.0252944 
12 6 2.85816 0.793465 2.34838 7.38942 0.406521 0.354445 0.0988813 0.00939957 0.028769 0.139291 0.0893042 0.0302651 0.0253256 
13 11 3.22796 1.17929 6.59275 9.37287 0.373264 0.334999 0.0889691 0.00757013 0.0249067 0.105508 0.0765036 0.0246614 0.030257 
14 7 4.83127 2.11046 0.0582688 12.3555 0.308488 0.253948 0.0783021 0.00537745 0.0265052 0.116456 0.0947206 0.024191 0.0263297 
15 17 8.33976 1.00478 7.65546 15.7341 0.326678 0.255291 0.0755149 0.0101953 0.0383448 0.137982 0.113808 0.029822 0.0372494 
16 21 9.1583 1.51331 10.3284 21.3298 0.275457 0.21596 0.0553531 0.00949713 0.0300156 0.114751 0.0954638 0.0290676 0.0453496 
17 27 9.47786 0.643495 16.8786 24.0242 0.256701 0.207876 0.0499339 0.00410877 0.0292017 0.107537 0.0806312 0.0252091 0.0248824 
18 37 13.9275 1.95776 21.1147 35.8078 0.201763 0.168018 0.0424184 0.00423286 0.0294505 0.0574382 0.0685894 0.0278126 0.0318813 
19 53 22.157 2.28497 28.558 57.7651 0.170606 0.129645 0.0347263 0.00164144 0.0300104 0.064119 0.0732597 0.0239764 0.0116779 
20 0 0 0 0 0 inf -nan inf -nan -nan -nan -nan -nan -nan 
21 4 2.60517 0.434908 0.917829 7.93024 0.410068 0.324795 0.0879511 0.00285032 0.0418135 0.188456 0.0991648 0.0339973 0.0816496 
22 8 1.40909 0.248129 -1.13487 6.22188 0.377859 0.307149 0.0997834 0.00430508 0.0328883 0.140666 0.0913112 0.0402327 0.0873848 
23 5 1.33627 0.248129 3.67397 4.99502 0.523139 0.460476 0.108595 0.0132759 0.0396667 0.158883 0.0923161 0.038855 0.113219 
24 3 1.13228 0.434908 3.49283 4.56403 0.558242 0.487954 0.106331 0.000900478 0.0412964 0.165247 0.0986414 0.0522821 0.144057 
25 2 1.93255 0.284938 1.55352 6.72803 0.429441 0.365073 0.110103 0.00328544 0.0348743 0.141132 0.0923658 0.0397554 0.0881012 
26 8 1.62132 0.309478 2.58329 6.10674 0.474259 0.40347 0.108214 0.00134599 0.0314864 0.175884 0.0857338 0.0396276 0.0978456 
27 6 1.25485 0 2.62768 6.0504 0.493524 0.405977 0.0961577 0.0073068 0.0369992 0.203487 0.105219 0.0539359 0.112662 
28 4 1.46728 0.483987 -0.347209 5.74358 0.452348 0.365283 0.101668 0 0.0378818 0.163434 0.0983691 0.0534753 0.142016 
29 3 1.98494 0.683036 1.81045 6.32816 0.445385 0.381012 0.0995192 0 0.0322607 0.131906 0.085355 0.0454105 0.124524 
30 8 1.36277 0.0736191 1.68118 7.96685 0.397749 0.336386 0.0956756 0.000515864 0.0251786 0.113692 0.0873549 0.0407909 0.114191 
31 5 2.4183 0.732116 5.16687 7.55647 0.458152 0.373914 0.0870236 0 0.0342992 0.180357 0.104575 0.0461088 0.125505 
32 4 2.50237 0.931165 2.04108 8.79223 0.398452 0.323718 0.100047 0.0169976 0.0348797 0.120744 0.0937055 0.0427659 0.131404 
33 6 2.85816 0.793465 3.22891 9.32402 0.376965 0.318814 0.0905664 0.00283616 0.0334248 0.105912 0.0902425 0.0405379 0.100638 
34 11 3.22796 1.17929 2.65471 8.67966 0.397062 0.326618 0.078614 0.00292592 0.0380932 0.137095 0.116715 0.0375436 0.0975286 
35 7 4.83127 2.11046 -1.13696 10.9548 0.298631 0.240397 0.0779359 0.000375162 0.0260661 0.0718104 0.0971576 0.0318497 0.0950011 
36 17 8.33976 1.00478 3.29887 12.1441 0.329436 0.27158 0.0752034 0.00033842 0.026512 0.106127 0.0837873 0.0300243 0.096069 
37 21 9.1583 1.51331 6.23775 16.6022 0.30731 0.238157 0.0630235 0.000789713 0.038879 0.125208 0.102526 0.0312114 0.0712291 
38 27 9.47786 0.643495 4.64155 16.7245 0.27852 0.229904 0.0604562 0.00167648 0.0339005 0.069337 0.0941413 0.0284906 0.0736789 
39 37 13.9275 1.95776 8.48811 19.5451 0.298327 0.220753 0.0521746 0.000420546 0.0333968 0.149358 0.0883834 0.0303145 0.0734221 
40 53 22.157 2.28497 6.35317 31.0975 0.202919 0.162871 0.0459699 0.00319386 0.0338209 0.0648281 0.0699667 0.0240216 0.041316 
41 0 0 0 0 0 inf -nan inf -nan -nan -nan -nan -nan -nan 
42 4 2.60517 0.434908 1.39778 1.8617 1.05057 0.784167 0.22013 0.0241855 0.0900728 0.608956 0.222201 0.050621 0.0941613 
43 8 1.40909 0.248129 1.77268 1.31909 1.10097 0.965507 0.281633 0.0178785 0.0771852 0.424643 0.112102 0.0294455 0.0239606 
44 5 1.33627 0.248129 -0.150914 1.43075 1.09335 0.781779 0.233968 0.00287248 0.0583295 0.714691 0.118125 0.0281665 0.0237405 
45 3 1.13228 0.434908 -0.953231 1.24339 0.829761 0.634135 0.304292 0.0395495 0.042372 0.4174 0.124622 0.0244458 0.00851996 
46 2 1.93255 0.284938 1.86451 1.45597 1.16485 0.910527 0.223713 0.0181957 0.0534194 0.668533 0.143131 0.0501042 0.0682036 
47 8 1.62132 0.309478 -1.71839 1.85029 0.92238 0.519835 0.232143 0.0119465 0.0392808 0.709877 0.139416 0.0351923 0.0194658 
48 6 1.25485 0 -1.48865 1.69407 0.794773 0.543275 0.231762 0 0.0571413 0.498457 0.167057 0.0328978 0.0456956 
49 4 1.46728 0.483987 0.327678 0.932112 1.15673 1.0477 0.297483 0.00938617 0.0379279 0.368641 0.0894516 0.0382661 0.0705239 
50 3 1.98494 0.683036 -0.502161 1.69092 0.903231 0.693317 0.232521 0.00486103 0.0492985 0.513566 0.113665 0.0383448 0.0218862 
51 8 1.36277 0.0736191 -0.398753 1.66525 0.880629 0.701084 0.22353 0.00293778 0.0438751 0.468386 0.102699 0.0266232 0.038055 
52 5 2.4183 0.732116 0.263017 2.18724 0.809546 0.665854 0.189714 0.00187899 0.0467663 0.392749 0.118832 0.0391205 0.0625848 
53 4 2.50237 0.931165 -1.58065 1.90834 0.785744 0.511867 0.241831 0.00250701 0.0343277 0.536746 0.0818829 0.0151176 0.0262505 
54 6 2.85816 0.793465 -1.7226 2.03497 0.722443 0.495685 0.179714 0.00201959 0.0585095 0.462204 0.148078 0.0411825 0.056912 
55 11 3.22796 1.17929 -1.20208 2.78232 0.63711 0.47483 0.165326 0.017055 0.0626413 0.36337 0.122529 0.0375113 0.0209633 
56 7 4.83127 2.11046 0.324747 2.22307 0.793772 0.658561 0.188927 0.0216133 0.0720698 0.355402 0.160141 0.0369719 0.0411485 
57 17 8.33976 1.00478 1.38003 4.60543 0.586896 0.47223 0.131323 0.0146458 0.0504283 0.287883 0.130905 0.0332979 0.0179155 
58 21 9.1583 1.51331 1.13558 5.78783 0.640016 0.418135 0.112247 0.00776918 0.0678021 0.437581 0.14454 0.039683 0.0598589 
59 27 9.47786 0.643495 -2.34819 6.72561 0.421088 0.324277 0.11141 0.00730827 0.0415027 0.203868 0.121424 0.0231206 0.0336334 
60 37 13.9275 1.95776 5.18423 11.3248 0.379417 0.303751 0.0799975 0.00604341 0.0515169 0.175801 0.101167 0.0232206 0.030363 
61 53 22.157 2.28497 7.74675 20.3012 0.292522 0.224855 0.0613646 0.00544624 0.0511463 0.13147 0.102817 0.0226732 0.0151199 
62 0 0 0 0 0 inf -nan inf -nan -nan -nan -nan -nan -nan 
63 4 2.60517 0.434908 1.59681 2.79384 0.852276 0.630814 0.160641 0 0.0733734 0.507775 0.165361 0.0474154 0.0991496 
64 8 1.40909 0.248129 1.74914 1.66665 1.91326 0.83926 0.218775 0 0.0794863 1.69283 0.143545 0.0564179 0.112068 
65 5 1.33627 0.248129 2.03149 1.20131 1.27087 1.01997 0.273415 0 0.0641774 0.686997 0.139696 0.0630529 0.0206282 
66 3 1.13228 0.434908 -0.497248 1.86361 0.871891 0.645487 0.215818 0 0.0510852 0.524912 0.113045 0.038623 0.0674571 
67 2 1.93255 0.284938 -0.972371 1.11571 0.976593 0.669435 0.306805 0.019812 0.0918507 0.590664 0.179282 0.0641086 0.132273 
68 8 1.62132 0.309478 -1.11308 1.21658 0.80726 0.641084 0.284592 0 0.0536686 0.375377 0.102934 0.0361054 0.0632427 
69 6 1.25485 0 0.91852 1.43191 1.13174 0.878298 0.233863 0 0.0558711 0.651648 0.147091 0.0344237 0.0644399 
70 4 1.46728 0.483987 0.987125 1.29695 1.06364 0.934545 0.239333 0 0.0494536 0.414051 0.122241 0.0429012 0.100023 
71 3 1.98494 0.683036 0.978143 1.53532 0.99355 0.840242 0.231554 0 0.0530934 0.426702 0.145939 0.0453163 0.138825 
72 8 1.36277 0.0736191 0.338491 2.18064 0.806264 0.667217 0.222508 0.0103847 0.0341571 0.366226 0.104347 0.0432824 0.0849405 
73 5 2.4183 0.732116 -0.177468 1.53023 0.900539 0.745214 0.2264 0 0.0562111 0.407328 0.136339 0.0514229 0.118583 
74 4 2.50237 0.931165 -0.730325 1.97287 0.815539 0.618671 0.193822 0 0.0650589 0.45453 0.138146 0.0415326 0.114645 
75 6 2.85816 0.793465 -0.6663 2.1669 0.728073 0.576414 0.226305 0 0.0603592 0.347053 0.131541 0.0426864 0.058381 
76 11 3.22796 1.17929 -0.407972 3.02518 0.67236 0.531339 0.187551 0 0.0370776 0.330525 0.117635 0.0373454 0.0933641 
77 7 4.83127 2.11046 0.968253 2.89824 0.745182 0.590747 0.145702 0.00341599 0.0530499 0.391372 0.134384 0.0443808 0.095177 
78 17 8.33976 1.00478 -1.17517 2.88113 0.76836 0.461869 0.156615 0.00767217 0.0513232 0.564229 0.153306 0.0410814 0.0793056 
79 21 9.1583 1.51331 2.97552 4.09121 0.623376 0.522897 0.132081 0 0.0496099 0.270873 0.103892 0.0348367 0.0994529 
80 27 9.47786 0.643495 0.340895 4.7398 0.625929 0.445789 0.12832 0.00503887 0.0621453 0.385831 0.120723 0.0458931 0.0846208 
81 37 13.9275 1.95776 0.722362 6.12627 0.534094 0.389655 0.0952213 0 0.0625007 0.299718 0.131 0.0378628 0.109662 
82 53 22.157 2.28497 1.78126 10.6353 0.427808 0.297754 0.0892878 0.00655596 0.0576252 0.26409 0.108423 0.0269486 0.0282957 
83 0 0 0 0 0 inf -nan inf -nan -nan -nan -nan -nan -nan 
