                  Reconstructed space fractional uncertainties (diagonal terms / prediction)
# BNB  MCBKG   EXT    NUM     MCSIG  err_tot  err_stat  err_mcstat  err_add  err_flux  err_det  err_xs
0 4 2.64272 0.434908 0.922372 5.22041 0.50669 0.416981 0.112921 0.0258594 0.0377818 0.242214 0.096678 
1 8 1.49775 0.248129 6.25412 4.65405 0.537325 0.499675 0.115761 0.00517583 0.0219132 0.145799 0.0622712 
2 5 1.39168 0.248129 3.36019 4.06687 0.577767 0.512055 0.123887 0 0.0236865 0.225388 0.0700415 
3 3 1.14932 0.434908 1.41577 2.85424 0.655841 0.596761 0.163157 0.00787718 0.0279832 0.196497 0.0890316 
4 2 1.97504 0.284938 -0.259979 4.1896 0.488958 0.418175 0.119572 0.00527605 0.0416037 0.197461 0.0957189 
5 8 1.62966 0.309478 6.06086 3.60818 0.670659 0.582429 0.130414 0.00477365 0.0371416 0.288843 0.0933804 
6 6 1.2482 0 4.7518 3.21248 0.654645 0.606899 0.148421 0.00255865 0.0291779 0.169617 0.0926159 
7 4 1.51138 0.483987 2.00463 3.93415 0.565703 0.505556 0.134216 0.0133659 0.0286319 0.197925 0.0790301 
8 3 2.01954 0.683036 0.297422 5.02764 0.474933 0.402901 0.121384 0.0102675 0.0272077 0.196027 0.0960517 
9 8 1.32242 0.0736191 6.60396 4.50462 0.550873 0.509742 0.120402 0.000912354 0.0211449 0.159553 0.0567634 
10 5 2.34088 0.732116 1.927 6.39654 0.423364 0.378179 0.103097 0.00199845 0.0251532 0.13758 0.0776125 
11 4 2.52861 0.931165 0.540225 7.08394 0.392917 0.335117 0.0996928 0.0126148 0.0280015 0.153479 0.0874251 
12 6 2.95771 0.793465 2.24883 7.79807 0.391879 0.341453 0.0923954 0.00890699 0.0297357 0.141111 0.0869833 
13 11 3.30437 1.17929 6.51634 10.0825 0.357421 0.319403 0.0833705 0.00703733 0.0247558 0.113321 0.0726428 
14 7 4.9045 2.11046 -0.0149577 13.0461 0.291025 0.24396 0.0749445 0.00509279 0.0262589 0.101237 0.0927276 
15 17 8.41696 1.00478 7.57826 16.692 0.317513 0.245506 0.0718973 0.0096103 0.0381838 0.146551 0.111106 
16 21 9.37413 1.51331 10.1126 23.01 0.258568 0.205221 0.0518954 0.00880363 0.0292966 0.111461 0.0932162 
17 27 9.46433 0.643495 16.8922 25.0983 0.247786 0.201993 0.0469343 0.00393293 0.0284254 0.106446 0.0789923 
18 37 14.3704 1.95776 20.6718 38.9249 0.187519 0.15891 0.0394671 0.00389389 0.0275964 0.0546119 0.0677797 
19 53 22.2453 2.28497 28.4697 59.0046 0.163313 0.127793 0.0327327 0.00160696 0.0294781 0.0562867 0.0723115 
20 0 0 0 0 0 inf -nan inf -nan -nan -nan -nan 
21 5 3.87831 0.248129 0.873558 9.07719 0.349225 0.294315 0.0803071 0.00249017 0.0360368 0.139396 0.0902856 
22 2 3.10109 0.085889 -1.18698 7.45621 0.316713 0.265031 0.0923342 0.0035924 0.028604 0.11941 0.0803142 
23 6 2.31373 0.0368096 3.64946 6.39564 0.432331 0.391144 0.100033 0.0103686 0.031317 0.130179 0.0766489 
24 6 2.28551 0.248129 3.46636 6.06855 0.44609 0.405165 0.0988563 0.000677231 0.0310241 0.13348 0.0792817 
25 5 3.07198 0.447178 1.48084 8.04717 0.36694 0.321381 0.0996582 0.00274687 0.0290522 0.118191 0.0812821 
26 6 2.58531 0.882085 2.53261 7.26826 0.400676 0.358509 0.0991298 0.00113089 0.0258495 0.126375 0.0744701 
27 6 3.10885 0.284938 2.60621 7.37515 0.430045 0.354918 0.0907679 0.00599433 0.0309616 0.202655 0.0931066 
28 3 2.99748 0.321748 -0.319229 6.75569 0.372051 0.323172 0.0925535 0 0.0320302 0.12881 0.0883038 
29 5 2.77467 0.569876 1.65545 7.96899 0.364449 0.323655 0.0901714 0 0.0268964 0.116561 0.0750303 
30 6 3.05715 1.28018 1.66267 9.75445 0.327214 0.291247 0.0859356 0.000421327 0.0206494 0.0944444 0.0742528 
31 9 3.80036 0.085889 5.11375 9.20675 0.371027 0.328315 0.0804005 0 0.0288366 0.121556 0.0883083 
32 7 4.11684 0.869816 2.01334 10.8191 0.321235 0.279653 0.0890497 0.0138132 0.0293007 0.0989156 0.0788842 
33 8 3.90703 0.955705 3.13726 11.4789 0.312879 0.275838 0.0815585 0.00230374 0.0269211 0.0888315 0.0808316 
34 7 4.09622 0.284938 2.61884 10.6182 0.327637 0.283436 0.0743034 0.00239173 0.0309255 0.101126 0.101491 
35 4 4.07788 1.11794 -1.19583 13.5958 0.23951 0.202164 0.0707643 0.000302285 0.0218706 0.0630602 0.0838596 
36 9 4.25529 1.54058 3.20413 15.0668 0.267047 0.232795 0.0680119 0.000272772 0.0216591 0.0791323 0.0759191 
37 14 7.10961 0.695306 6.19508 19.2278 0.264046 0.21506 0.0568404 0.000681874 0.0293445 0.101505 0.0952571 
38 12 6.64009 0.707576 4.65233 19.4541 0.238356 0.206362 0.0554245 0.00144125 0.0282596 0.0610364 0.0814257 
39 17 8.1372 0.508527 8.35428 23.5431 0.242123 0.194025 0.0488389 0.000349131 0.0276787 0.109175 0.0768576 
40 19 11.4237 1.36607 6.21027 34.6351 0.181433 0.150524 0.0412226 0.00286764 0.0280118 0.0593643 0.0651456 
41 0 0 0 0 0 inf -nan inf -nan -nan -nan -nan 
