                  Reconstructed space fractional uncertainties (diagonal terms / prediction)
# BNB  MCBKG   EXT    NUM     MCSIG  err_tot  err_stat  err_mcstat  err_add  err_flux  err_det  err_xs  err_rw  err_rw_cor
0 403 178.713 46.6947 177.593 361.934 0.16904 0.0534798 0.0257007 0.00670315 0.0359574 0.117258 0.0889706 0.0266708 0.0365988 
1 726 269.18 73.6594 383.161 639.893 0.119927 0.0403372 0.018708 0.0040471 0.0294321 0.0604391 0.0789268 0.0284197 0.0288566 
2 596 213.568 38.74 343.692 550.129 0.111291 0.0431928 0.0192482 0.00233605 0.027412 0.052975 0.0746928 0.0282258 0.0145107 
3 377 147.713 19.2784 210.009 378.097 0.134388 0.0514029 0.0229687 0.00194153 0.0284541 0.0769341 0.0791748 0.0302812 0.031185 
4 218 103.187 25.6642 89.1485 243.355 0.169854 0.0628956 0.0300183 0.0037148 0.034538 0.115209 0.0776545 0.0328942 0.0490028 
5 170 65.8509 14.4643 89.6849 151.793 0.172589 0.0826549 0.0370869 0.0047181 0.0350465 0.106435 0.0768379 0.0317127 0.0457281 
6 87 39.2876 12.6404 35.072 100.775 0.175787 0.0970856 0.0473102 0.00732757 0.0326713 0.109945 0.065292 0.0252305 0.0335917 
7 71 26.0946 4.36721 40.5382 57.9467 0.233085 0.135587 0.0622446 0.0117347 0.037289 0.150874 0.0819451 0.0310794 0.00991194 
8 54 22.8102 11.0487 20.141 56.1208 0.284676 0.132621 0.0734777 0.00431601 0.035294 0.224198 0.073789 0.023747 0.0226984 
9 28 14.4472 2.02859 11.5243 29.5756 0.338582 0.182179 0.0861322 0.00796208 0.0392031 0.249743 0.0910809 0.0294845 0.0298835 
10 14 12.3129 4.83006 -3.14298 28.6637 0.36722 0.160807 0.0960503 0.0044045 0.0384737 0.30324 0.0748994 0.0247396 0.00946676 
11 16 11.3389 2.10361 2.55752 21.2484 0.43616 0.20597 0.104085 0.0181695 0.0453288 0.349821 0.103751 0.0362741 0.0117508 
12 178 84.5863 22.8053 70.6084 177.52 0.193008 0.0750881 0.0388071 0.00526181 0.0369517 0.14518 0.0827767 0.0252077 0.01226 
13 203 117.215 26.4818 59.3033 228.823 0.19254 0.0647489 0.0315576 0.00270406 0.0408433 0.0811431 0.0919516 0.0458407 0.114311 
14 566 265.959 45.5858 254.455 597.848 0.188367 0.04052 0.0187234 0.00215514 0.0322273 0.0626236 0.0902689 0.0505163 0.133508 
15 453 205.233 35.2697 212.497 488.28 0.17579 0.0446787 0.019782 0.00187275 0.0310616 0.0700522 0.0988532 0.0379827 0.106884 
16 263 132.394 22.7706 107.835 318.396 0.165873 0.0541728 0.0249081 0.000476234 0.0334245 0.0648962 0.0937306 0.0340586 0.0931893 
17 142 92.5914 13.0773 36.3313 216.398 0.169114 0.0627221 0.031085 0.0015628 0.0348463 0.0846345 0.0867578 0.0334399 0.081696 
18 90 60.5811 14.8377 14.5811 135.907 0.196222 0.0793014 0.0450599 0 0.0414186 0.124925 0.09523 0.0298209 0.0538885 
19 64 39.0998 7.18745 17.7127 78.862 0.245948 0.108487 0.0570461 0.00223414 0.0466218 0.182094 0.0879679 0.030487 0.0382406 
20 51 25.8024 3.55842 21.6392 49.7191 0.272214 0.142418 0.0707812 0 0.0493879 0.191865 0.0915805 0.0322113 0.0114739 
21 26 14.9088 1.37979 9.71144 33.3748 0.285707 0.165452 0.0838592 0 0.0421064 0.187745 0.09477 0.0314207 0.0152269 
22 28 13.5645 2.19299 12.2425 26.76 0.433443 0.194754 0.0957673 0 0.0523619 0.349317 0.108713 0.0429819 0.0484034 
23 16 11.2424 2.43518 2.32238 22.4772 0.52667 0.197989 0.102874 0.00486928 0.0483372 0.465044 0.0875055 0.0303654 0.0198207 
24 11 13.2691 0.406599 -2.6757 21.272 0.547756 0.189343 0.116384 0 0.0519898 0.476826 0.119582 0.0533472 0.058565 
25 123 93.3671 13.2445 16.3884 167.995 0.205351 0.0728395 0.0390983 0.00126168 0.0440867 0.151338 0.0945777 0.0261334 0.0292988 
26 122 78.7468 13.1392 30.114 106.606 0.317373 0.0989552 0.0525169 0.0105091 0.0580256 0.255089 0.129217 0.027975 0.0463475 
27 183 123.911 41.5343 17.5551 195.289 0.249042 0.0707708 0.0382901 0.00653196 0.0510819 0.199622 0.103897 0.0257784 0.0398398 
28 163 99.5064 40.2366 23.2569 171.978 0.231103 0.0755637 0.0421711 0.00482079 0.0443112 0.175127 0.108176 0.0295242 0.0262746 
29 107 79.8491 32.4279 -5.27698 137.575 0.264493 0.0814656 0.0471139 0.00800835 0.0474993 0.212722 0.107443 0.0266288 0.0357249 
30 86 49.8348 17.9477 18.2176 86.5007 0.422719 0.107416 0.0576918 0.00250992 0.0510287 0.382847 0.110513 0.0283162 0.0403487 
31 44 36.4542 15.2356 -7.68979 63.3856 0.340611 0.117287 0.0657271 0.00914669 0.0532476 0.289551 0.0964213 0.0242782 0.0359711 
32 29 17.9129 6.41179 4.67531 29.4404 0.43043 0.183836 0.0946134 0.0042316 0.0603713 0.350886 0.112882 0.0326096 0.0439639 
33 32 16.4989 3.6478 11.8533 23.9552 0.568477 0.213454 0.103887 0.00335711 0.0650095 0.494706 0.129336 0.0296928 0.0151553 
34 9 7.72856 3.65498 -2.38355 16.1788 0.554687 0.220968 0.131965 0.0202946 0.0457641 0.47786 0.0980809 0.0274983 0.0142434 
35 14 8.32058 3.47622 2.20321 13.0456 0.824178 0.280066 0.172415 0.00838965 0.0629444 0.735374 0.155086 0.04138 0.0231103 
36 9 4.74274 2.43518 1.82207 8.48786 0.805208 0.346545 0.190493 0.00813347 0.052521 0.685303 0.129068 0.0287451 0.0450599 
37 11 4.27535 0.730996 5.99365 5.98598 1.27057 0.443832 0.234364 0.0282483 0.0716903 1.15309 0.159312 0.0343023 0.0177204 
38 76 45.0787 18.2418 12.6795 73.2764 0.320296 0.117524 0.0633926 0.00610556 0.0497688 0.261899 0.107466 0.0208513 0.0408611 
39 37 37.3978 12.5626 -12.9603 58.5234 0.337928 0.119633 0.0716139 0.00224543 0.056544 0.274937 0.104124 0.0333806 0.063296 
40 142 109.592 28.7095 3.69863 167.053 0.306107 0.0751905 0.0420596 0.0015015 0.0567483 0.241086 0.122011 0.0374133 0.0929911 
41 140 79.7342 9.32419 50.9416 115.363 0.270711 0.0959607 0.047054 0.00235934 0.0542953 0.162381 0.133906 0.0392269 0.11433 
42 81 59.8315 8.40725 12.7612 92.6099 0.331438 0.101517 0.0529886 0.00197218 0.055186 0.256698 0.122265 0.0352068 0.107731 
43 48 41.0425 10.4777 -3.52027 65.3348 0.295799 0.116881 0.0664724 0.00417999 0.0537031 0.212232 0.120877 0.0327664 0.0760834 
44 44 23.3015 3.4012 17.2973 36.317 0.417258 0.170988 0.082146 0.00620981 0.0549202 0.337088 0.111423 0.0380984 0.0870006 
45 21 16.3934 6.82992 -2.22333 30.1708 0.612134 0.170097 0.102347 0.00228817 0.0465277 0.566152 0.102594 0.0303708 0.0339695 
46 8 10.303 1.05539 -3.35844 13.7202 1.0257 0.242605 0.143182 0.00570187 0.0953308 0.971697 0.125 0.0472541 0.0391275 
47 11 7.93816 1.05539 2.00645 11.4991 0.709347 0.292691 0.161622 0 0.0683603 0.587449 0.179364 0.0752283 0.0615054 
48 7 6.77591 1.1376 -0.913508 9.07957 0.910013 0.316565 0.191274 0 0.0829385 0.809531 0.134864 0.0670028 0.0801789 
49 6 6.86936 0.966011 -1.83537 9.35799 0.998756 0.300099 0.190505 0.0140171 0.0714697 0.919625 0.128077 0.0572946 0.0214819 
50 5 4.15929 1.78639 -0.945678 6.74787 0.847194 0.36432 0.216415 0 0.0590521 0.710873 0.158845 0.0610822 0.0195638 
51 35 34.7214 2.7524 -2.47381 44.9211 0.512648 0.142617 0.0852174 0 0.0604525 0.453611 0.15625 0.0328278 0.0172411 
