                  Reconstructed space fractional uncertainties (diagonal terms / prediction)
# BNB  MCBKG   EXT    NUM     MCSIG  err_tot  err_stat  err_mcstat  err_add  err_flux  err_det  err_xs
0 4 2.60517 0.434908 0.959918 5.02574 0.542533 0.428144 0.1197 0.026861 0.0392334 0.291125 0.0984476 
1 8 1.40909 0.248129 6.34278 4.04203 0.581022 0.544296 0.123857 0.00595953 0.0255396 0.14549 0.0642818 
2 5 1.33627 0.248129 3.4156 3.84097 0.59484 0.53118 0.130851 0 0.0234315 0.22167 0.0698139 
3 3 1.13228 0.434908 1.43281 2.86884 0.654554 0.594751 0.172151 0.00783709 0.0261597 0.192776 0.0846613 
4 2 1.93255 0.284938 -0.217488 3.95412 0.508788 0.436772 0.126347 0.00559025 0.0407547 0.204419 0.0930199 
5 8 1.62132 0.309478 6.06921 3.34899 0.719702 0.608582 0.135951 0.00514309 0.0375565 0.344564 0.0946314 
6 6 1.25485 0 4.74515 3.01789 0.680006 0.630203 0.157188 0.00272363 0.0309296 0.173049 0.0981566 
7 4 1.46728 0.483987 2.04873 3.57931 0.607945 0.538083 0.14205 0.0146909 0.03083 0.228364 0.0810472 
8 3 1.98494 0.683036 0.332023 4.64993 0.506099 0.426309 0.128046 0.0111016 0.0278954 0.218324 0.0971312 
9 8 1.36277 0.0736191 6.56361 4.09485 0.589483 0.540063 0.129111 0.00100365 0.0226142 0.185468 0.065132 
10 5 2.4183 0.732116 1.84958 6.2386 0.433363 0.384794 0.11057 0.00204904 0.0244896 0.145862 0.0750426 
11 4 2.50237 0.931165 0.566463 6.25432 0.423733 0.366883 0.105604 0.0142882 0.030295 0.149848 0.101084 
12 6 2.85816 0.793465 2.34838 7.38942 0.404141 0.354445 0.0988813 0.00939957 0.028769 0.13795 0.0893042 
13 11 3.22796 1.17929 6.59275 9.37287 0.371112 0.334999 0.0889691 0.00757013 0.0249067 0.105139 0.0765036 
14 7 4.83127 2.11046 0.0582688 12.3555 0.306098 0.253948 0.0783021 0.00537745 0.0265052 0.115637 0.0947206 
15 17 8.33976 1.00478 7.65546 15.7341 0.322755 0.255291 0.0755149 0.0101953 0.0383448 0.136996 0.113808 
16 21 9.1583 1.51331 10.3284 21.3298 0.270032 0.21596 0.0553531 0.00949713 0.0300156 0.114501 0.0954638 
17 27 9.47786 0.643495 16.8786 24.0242 0.254243 0.207876 0.0499339 0.00410877 0.0292017 0.107531 0.0806312 
18 37 13.9275 1.95776 21.1147 35.8078 0.197206 0.168018 0.0424184 0.00423286 0.0294505 0.0571933 0.0685894 
19 53 22.157 2.28497 28.558 57.7651 0.168495 0.129645 0.0347263 0.00164144 0.0300104 0.0640813 0.0732597 
20 0 0 0 0 0 inf -nan inf -nan -nan -nan -nan 
21 5 3.83404 0.248129 0.917829 7.93024 0.400113 0.324795 0.0879511 0.00285032 0.0418135 0.18781 0.0991648 
22 2 3.04898 0.085889 -1.13487 6.22188 0.364943 0.307149 0.0997834 0.00430508 0.0328883 0.139457 0.0913112 
23 6 2.28922 0.0368096 3.67397 4.99502 0.508931 0.460476 0.108595 0.0132759 0.0396667 0.157823 0.0923161 
24 6 2.25904 0.248129 3.49283 4.56403 0.536264 0.487954 0.106331 0.000900478 0.0412964 0.163514 0.0986414 
25 5 2.99931 0.447178 1.55352 6.72803 0.41848 0.365073 0.110103 0.00328544 0.0348743 0.141303 0.0923658 
26 6 2.53463 0.882085 2.58329 6.10674 0.461842 0.40347 0.108214 0.00134599 0.0314864 0.174518 0.0857338 
27 6 3.08738 0.284938 2.62768 6.0504 0.476675 0.405977 0.0961577 0.0073068 0.0369992 0.201651 0.105219 
28 3 3.02546 0.321748 -0.347209 5.74358 0.425925 0.365283 0.101668 0 0.0378818 0.162889 0.0983691 
29 5 2.61968 0.569876 1.81045 6.32816 0.424879 0.381012 0.0995192 0 0.0322607 0.130852 0.085355 
30 6 3.03864 1.28018 1.68118 7.96685 0.378408 0.336386 0.0956756 0.000515864 0.0251786 0.11233 0.0873549 
31 9 3.74724 0.085889 5.16687 7.55647 0.437804 0.373914 0.0870236 0 0.0342992 0.179374 0.104575 
32 7 4.0891 0.869816 2.04108 8.79223 0.373535 0.323718 0.100047 0.0169976 0.0348797 0.120165 0.0937055 
33 8 3.81539 0.955705 3.22891 9.32402 0.361017 0.318814 0.0905664 0.00283616 0.0334248 0.105923 0.0902425 
34 7 4.06035 0.284938 2.65471 8.67966 0.383006 0.326618 0.078614 0.00292592 0.0380932 0.13694 0.116715 
35 4 4.01902 1.11794 -1.13696 10.9548 0.281225 0.240397 0.0779359 0.000375162 0.0260661 0.0714368 0.0971576 
36 9 4.16055 1.54058 3.29887 12.1441 0.31371 0.27158 0.0752034 0.00033842 0.026512 0.106203 0.0837873 
37 14 7.06694 0.695306 6.23775 16.6022 0.29698 0.238157 0.0630235 0.000789713 0.038879 0.124428 0.102526 
38 12 6.65087 0.707576 4.64155 16.7245 0.267086 0.229904 0.0604562 0.00167648 0.0339005 0.0693477 0.0941413 
39 17 8.00337 0.508527 8.48811 19.5451 0.287274 0.220753 0.0521746 0.000420546 0.0333968 0.148814 0.0883834 
40 19 11.2808 1.36607 6.35317 31.0975 0.197171 0.162871 0.0459699 0.00319386 0.0338209 0.0647054 0.0699667 
41 0 0 0 0 0 inf -nan inf -nan -nan -nan -nan 
42 3 1.55314 0.0490794 1.39778 1.8617 1.04245 0.784167 0.22013 0.0241855 0.0900728 0.604369 0.222201 
43 3 0.804677 0.422638 1.77268 1.31909 1.09898 0.965507 0.281633 0.0178785 0.0771852 0.421189 0.112102 
44 1 0.927325 0.223589 -0.150914 1.43075 1.09301 0.781779 0.233968 0.00287248 0.0583295 0.715109 0.118125 
45 0 0.481514 0.471717 -0.953231 1.24339 0.828104 0.634135 0.304292 0.0395495 0.042372 0.414905 0.124622 
46 3 0.838283 0.297208 1.86451 1.45597 1.15918 0.910527 0.223713 0.0181957 0.0534194 0.664021 0.143131 
47 0 1.03535 0.683036 -1.71839 1.85029 0.920108 0.519835 0.232143 0.0119465 0.0392808 0.708066 0.139416 
48 0 1.02921 0.459447 -1.48865 1.69407 0.79064 0.543275 0.231762 0 0.0571413 0.495054 0.167057 
49 1 0.399654 0.272668 0.327678 0.932112 1.15362 1.0477 0.297483 0.00938617 0.0379279 0.367627 0.0894516 
50 1 1.03044 0.471717 -0.502161 1.69092 0.90171 0.693317 0.232521 0.00486103 0.0492985 0.512789 0.113665 
51 1 0.816607 0.582146 -0.398753 1.66525 0.876512 0.701084 0.22353 0.00293778 0.0438751 0.462935 0.102699 
52 2 1.19165 0.545336 0.263017 2.18724 0.806107 0.665854 0.189714 0.00187899 0.0467663 0.392611 0.118832 
53 0 0.698565 0.882085 -1.58065 1.90834 0.783497 0.511867 0.241831 0.00250701 0.0343277 0.53431 0.0818829 
54 0 1.37631 0.346287 -1.7226 2.03497 0.718681 0.495685 0.179714 0.00201959 0.0585095 0.461678 0.148078 
55 1 1.73037 0.471717 -1.20208 2.78232 0.635941 0.47483 0.165326 0.017055 0.0626413 0.363864 0.122529 
56 2 1.58936 0.085889 0.324747 2.22307 0.791382 0.658561 0.188927 0.0216133 0.0720698 0.354376 0.160141 
57 5 2.85105 0.768925 1.38003 4.60543 0.585366 0.47223 0.131323 0.0146458 0.0504283 0.28725 0.130905 
58 6 4.08322 0.781195 1.13558 5.78783 0.633965 0.418135 0.112247 0.00776918 0.0678021 0.434656 0.14454 
59 3 3.94531 1.40288 -2.34819 6.72561 0.418388 0.324277 0.11141 0.00730827 0.0415027 0.202389 0.121424 
60 13 6.56286 1.25291 5.18423 11.3248 0.377765 0.303751 0.0799975 0.00604341 0.0515169 0.1764 0.101167 
61 22 12.2805 1.97276 7.74675 20.3012 0.291392 0.224855 0.0613646 0.00544624 0.0511463 0.131783 0.102817 
62 0 0 0 0 0 inf -nan inf -nan -nan -nan -nan 
63 4 2.1796 0.223589 1.59681 2.79384 0.84205 0.630814 0.160641 0 0.0733734 0.502582 0.165361 
64 3 1.21405 0.0368096 1.74914 1.66665 1.89646 0.83926 0.218775 0 0.0794863 1.67852 0.143545 
65 3 0.931702 0.0368096 2.03149 1.20131 1.26858 1.01997 0.273415 0 0.0641774 0.685972 0.139696 
66 1 1.08688 0.410368 -0.497248 1.86361 0.865757 0.645487 0.215818 0 0.0510852 0.520496 0.113045 
67 0 0.972371 0 -0.972371 1.11571 0.965969 0.669435 0.306805 0.019812 0.0918507 0.591483 0.179282 
68 0 0.653632 0.459447 -1.11308 1.21658 0.801785 0.641084 0.284592 0 0.0536686 0.37068 0.102934 
69 2 0.857891 0.223589 0.91852 1.43191 1.12601 0.878298 0.233863 0 0.0558711 0.645785 0.147091 
70 2 0.777017 0.235859 0.987125 1.29695 1.05683 0.934545 0.239333 0 0.0494536 0.410917 0.122241 
71 2 0.985047 0.0368096 0.978143 1.53532 0.981628 0.840242 0.231554 0 0.0530934 0.424091 0.145939 
72 2 1.01528 0.646227 0.338491 2.18064 0.799012 0.667217 0.222508 0.0103847 0.0341571 0.362725 0.104347 
73 1 1.07931 0.0981588 -0.177468 1.53023 0.889036 0.745214 0.2264 0 0.0562111 0.402538 0.136339 
74 1 1.50674 0.223589 -0.730325 1.97287 0.804218 0.618671 0.193822 0 0.0650589 0.450699 0.138146 
75 1 1.24366 0.422638 -0.6663 2.1669 0.723033 0.576414 0.226305 0 0.0603592 0.344039 0.131541 
76 2 1.58724 0.820736 -0.407972 3.02518 0.662128 0.531339 0.187551 0 0.0370776 0.325122 0.117635 
77 3 1.79589 0.235859 0.968253 2.89824 0.737632 0.590747 0.145702 0.00341599 0.0530499 0.391158 0.134384 
78 1 1.75253 0.422638 -1.17517 2.88113 0.759902 0.461869 0.156615 0.00767217 0.0513232 0.559825 0.153306 
79 6 2.34144 0.683036 2.97552 4.09121 0.614009 0.522897 0.132081 0 0.0496099 0.269975 0.103892 
80 4 3.19966 0.459447 0.340895 4.7398 0.615045 0.445789 0.12832 0.00503887 0.0621453 0.380296 0.120723 
81 5 3.98043 0.297208 0.722362 6.12627 0.520396 0.389655 0.0952213 0 0.0625007 0.298071 0.131 
82 9 6.77156 0.447178 1.78126 10.6353 0.425394 0.297754 0.0892878 0.00655596 0.0576252 0.263079 0.108423 
83 0 0 0 0 0 inf -nan inf -nan -nan -nan -nan 
