                  Reconstructed space fractional uncertainties (diagonal terms / prediction)
# BNB  MCBKG   EXT    NUM     MCSIG  err_tot  err_stat  err_mcstat  err_add  err_flux  err_det  err_xs
0 238 94.8072 15.9048 127.288 245.363 0.162536 0.0635137 0.0160899 0.00536084 0.0693826 0.105833 0.0779867 
1 1 1.48766 0.447178 -0.934839 3.04628 0.701308 0.441764 0.209538 0 0.0607436 0.486082 0.113161 
2 152 84.8792 12.3137 54.807 240.338 0.150095 0.0590386 0.0162198 0.00203795 0.072487 0.0910924 0.0722745 
3 4 1.84626 0.223589 1.93015 3.47473 0.776201 0.548604 0.143975 0.00636152 0.0655 0.515741 0.102337 
4 65 45.1693 12.3573 7.47336 75.9793 0.216279 0.111624 0.0311834 0.00792724 0.0698685 0.129143 0.108268 
5 2 0.814131 0.085889 1.09998 1.12414 1.43802 1.0206 0.28852 0 0.088737 0.954952 0.15237 
6 52 35.8907 6.40772 9.70161 60.8929 0.235071 0.124646 0.0345064 0.00264795 0.0732146 0.147101 0.107356 
7 0 0.794024 0.0122699 -0.806294 0.819044 1.49629 0.781324 0.365503 0 0.0862389 1.20528 0.186254 
