                  Reconstructed space fractional uncertainties (diagonal terms / prediction)
# BNB  MCBKG   EXT    NUM     MCSIG  err_tot  err_stat  err_mcstat  err_add  err_flux  err_det  err_xs  err_rw  err_rw_cor
0 87 30.9757 1.05539 54.9689 79.4198 0.207217 0.113877 0.065361 0.00160195 0.0378992 0.142428 0.0615359 0.00976574 0.0096092 
1 309 57.2188 2.99901 248.782 218.501 0.12111 0.0712163 0.0361839 0 0.0198877 0.0704579 0.0534412 0.00592676 0.00596373 
2 193 52.7743 1.77921 138.446 220.308 0.111392 0.065838 0.0343654 0.000662939 0.0186523 0.0585009 0.0553591 0.00541308 0.00528868 
3 134 36.0955 0.406599 97.4979 170.307 0.112842 0.0733851 0.0401685 0 0.0176104 0.0548318 0.0486366 0.00494784 0.0052719 
4 94 25.6707 0.648795 67.6805 104.097 0.144737 0.0963035 0.0504609 0 0.0238459 0.07666 0.0510816 0.00594091 0.00617198 
5 52 18.6579 1.37261 31.9695 70.1849 0.184173 0.112963 0.0631372 0 0.027002 0.118512 0.0479027 0.00686756 0.00753437 
6 26 11.1254 0.324397 14.5502 35.4337 0.248997 0.158672 0.0905003 0 0.0371928 0.154886 0.0556934 0.00912122 0.00862413 
7 15 6.23597 0 8.76403 16.8909 0.395609 0.238362 0.134186 0 0.0373447 0.272242 0.0746951 0.0168927 0.01758 
8 11 3.68228 0 7.31772 13.0554 0.399834 0.268524 0.155431 0 0.0329463 0.241609 0.0599035 0.013412 0.0193517 
9 14 2.98965 0.406599 10.6038 10.5849 0.497505 0.320681 0.166043 0 0.0379126 0.334943 0.0563909 0.0124849 0.0120253 
10 5 2.9185 0 2.0815 5.84786 0.757164 0.402311 0.274261 0 0.0765648 0.559821 0.103763 0.0566452 0.0546587 
11 5 1.46553 0 3.53447 3.57445 0.879497 0.556006 0.302223 0 0.06389 0.598448 0.103191 0.00902001 0.00902001 
12 3 0.588456 0 2.41154 2.98092 0.80314 0.579809 0.340858 0 0.0338639 0.434583 0.0512264 0.00434296 0.00434296 
13 6 1.28015 0 4.71985 3.77744 1.13536 0.549565 0.279801 0 0.0751591 0.946803 0.0808874 0.00745569 0.00745569 
14 0 1.72971 0 -1.72971 2.12314 1.76271 0.485283 0.446363 0 0.123256 1.62039 0.175822 0.0179233 0.0179233 
15 6 6.21124 0 -0.211245 11.1576 0.56486 0.263939 0.162323 0 0.0683472 0.450878 0.119686 0.0213757 0.0176056 
16 87 30.9757 1.05539 143.478 165.959 0.107989 0.0784444 0.0397043 0 0.0156551 0.0427202 0.0426733 0.00456224 0.00444406 
17 309 57.2188 2.99901 373.243 548.664 0.069741 0.0416934 0.0219554 0 0.0129519 0.0210565 0.0447064 0.00416734 0.00403358 
18 193 52.7743 1.77921 261.486 386.13 0.0775364 0.0494504 0.0259626 0 0.0119587 0.0222508 0.0471985 0.00369473 0.0036105 
19 134 36.0955 0.406599 170.728 270.698 0.0827905 0.0582613 0.0308399 0 0.0127595 0.0256281 0.0407964 0.00354054 0.00350754 
20 94 25.6707 0.648795 86.6296 165.772 0.10276 0.0726468 0.0395423 0 0.0166956 0.0425522 0.0399293 0.00410243 0.00423666 
21 52 18.6579 1.37261 61.4941 90.016 0.152867 0.104589 0.0551687 0 0.0274446 0.0788249 0.0483132 0.00639305 0.00665101 
22 26 11.1254 0.324397 36.772 52.5152 0.25498 0.136851 0.0721459 0 0.0244826 0.195415 0.0469856 0.00644003 0.00678425 
23 15 6.23597 0 15.772 30.4268 0.302997 0.175066 0.0989462 0 0.0344711 0.211784 0.0712604 0.00997632 0.012268 
24 11 3.68228 0 18.9375 17.1767 0.398491 0.2536 0.129105 0 0.0356755 0.271942 0.0490439 0.0112979 0.00745897 
25 14 2.98965 0.406599 6.8207 11.9237 0.415776 0.280737 0.155873 0 0.0378018 0.255316 0.05478 0.00838511 0.00857552 
26 5 2.9185 0 2.95886 8.50643 0.511181 0.321231 0.19204 0 0.0508818 0.336901 0.071043 0.00702624 0.00702624 
27 5 1.46553 0 5.0581 6.92943 0.91881 0.388651 0.213356 0 0.056676 0.798567 0.0809053 0.00934012 0.00934012 
28 3 0.588456 0 4.02924 4.55994 0.802244 0.488233 0.29039 0 0.0580565 0.554124 0.0975119 0.0222284 0.0217082 
29 6 1.28015 0 0.950225 2.76189 0.948815 0.566811 0.366405 0 0.0614038 0.658686 0.0833306 0.00836205 0.00836205 
30 0 1.72971 0 -0.635315 2.90413 1.22034 0.458957 0.390877 0 0.0992446 1.03838 0.174344 0.0782784 0.0347873 
31 6 6.21124 0 -1.81851 15.7493 0.521151 0.211709 0.134576 0 0.0531966 0.443786 0.0923154 0.0136076 0.0135225 
32 87 30.9757 1.05539 122.8 137.86 0.162394 0.0881345 0.0455333 0.00187729 0.0300253 0.110227 0.0581198 0.00691438 0.00706135 
33 309 57.2188 2.99901 387.868 417.024 0.120145 0.0508341 0.0261287 0.000709282 0.03094 0.0804159 0.0603666 0.00707715 0.00702927 
34 193 52.7743 1.77921 249.73 395.215 0.109305 0.0499015 0.0260045 0.000937061 0.0280031 0.0635711 0.062267 0.0062893 0.00617384 
35 134 36.0955 0.406599 147.17 305.645 0.0986691 0.0544865 0.0295049 0.000664488 0.0250402 0.0442593 0.0569603 0.00570359 0.00573774 
36 94 25.6707 0.648795 101.589 190.518 0.122651 0.0704926 0.0375303 0.00130678 0.029779 0.0666894 0.0569913 0.00645262 0.00631432 
37 52 18.6579 1.37261 68.0603 112.395 0.175061 0.0938388 0.0477452 0 0.0378051 0.114037 0.0706242 0.00869137 0.00801538 
38 26 11.1254 0.324397 42.5163 59.6008 0.237524 0.132283 0.0656951 0 0.0461685 0.161977 0.077604 0.00949225 0.0110689 
39 15 6.23597 0 11.2451 40.3716 0.283918 0.146936 0.0821797 0 0.039735 0.212051 0.0747381 0.00824341 0.00824599 
40 11 3.68228 0 2.54688 25.3539 0.391101 0.181684 0.1051 0 0.0519524 0.312657 0.0906462 0.0108291 0.0108291 
41 14 2.98965 0.406599 9.97138 20.0821 0.611106 0.222996 0.12173 0 0.0524249 0.547903 0.0755763 0.010965 0.0113035 
42 5 2.9185 0 10.8541 11.4662 0.529871 0.312775 0.158528 0 0.0502383 0.380757 0.0981628 0.0210366 0.0150365 
43 5 1.46553 0 1.81771 10.4559 0.609962 0.286573 0.169177 0 0.0551863 0.500208 0.0884159 0.0109039 0.0109039 
44 3 0.588456 0 1.39745 9.17435 0.810435 0.29201 0.179831 0 0.0462851 0.72827 0.0794594 0.0135787 0.0133655 
45 6 1.28015 0 3.94127 4.91431 0.897965 0.475317 0.261459 0 0.132239 0.691586 0.126401 0.0122409 0.0122409 
46 0 1.72971 0 6.15806 4.08926 0.964057 0.540507 0.2744 0 0.0541159 0.73818 0.117465 0.0126676 0.0128293 
47 6 6.21124 0 12.5792 28.8726 0.403684 0.187281 0.0975851 0 0.0605798 0.32802 0.0810966 0.015769 0.0164755 
48 87 30.9757 1.05539 191.374 317.588 0.0974633 0.0549341 0.0299834 0.000261181 0.0240166 0.0329236 0.0621171 0.00562428 0.00559711 
49 309 57.2188 2.99901 634.395 898.268 0.074096 0.0330271 0.0173817 0.00038799 0.0208941 0.0309698 0.0515282 0.00482852 0.00479486 
50 193 52.7743 1.77921 427.04 673.518 0.0811893 0.0376076 0.0207072 8.6697e-10 0.0218187 0.0285348 0.0583837 0.0049866 0.00497748 
51 134 36.0955 0.406599 249.461 464.027 0.0788921 0.0442144 0.0240042 0 0.0196831 0.0259347 0.0509475 0.0043334 0.00428772 
52 94 25.6707 0.648795 127.523 290.563 0.103894 0.0554517 0.0308789 0 0.0286019 0.0489454 0.0590259 0.00581801 0.0058266 
53 52 18.6579 1.37261 82.9034 153.446 0.135226 0.0788434 0.0416548 0 0.0353 0.0703579 0.0635097 0.00733121 0.00715362 
54 26 11.1254 0.324397 45.5605 72.846 0.203823 0.11773 0.062587 0 0.0450999 0.123898 0.0788113 0.00950968 0.00895582 
55 15 6.23597 0 35.6178 59.1487 0.244795 0.128824 0.0728395 0 0.0345406 0.176526 0.0744199 0.00803741 0.00813188 
56 11 3.68228 0 13.0167 27.5656 0.290935 0.184461 0.0986446 0 0.0395977 0.181648 0.0787341 0.00783507 0.00789465 
57 14 2.98965 0.406599 7.17509 19.8791 0.374252 0.213034 0.117598 0 0.0344231 0.271458 0.0762537 0.00900699 0.00903341 
58 5 2.9185 0 6.05222 19.6972 0.525899 0.217112 0.121267 0 0.0619597 0.443185 0.118659 0.0150711 0.0128987 
59 5 1.46553 0 6.63811 10.6416 0.879391 0.3125 0.16479 0 0.0568318 0.796283 0.104607 0.0117788 0.0117838 
60 3 0.588456 0 5.87561 9.66516 0.48951 0.317769 0.176525 0 0.0369204 0.319228 0.0641184 0.00711178 0.00711178 
61 6 1.28015 0 0.697011 7.9144 0.992681 0.325264 0.194564 0 0.0472684 0.907462 0.125524 0.0119612 0.0119612 
62 0 1.72971 0 3.05798 5.33618 1.03529 0.441107 0.245926 0 0.061863 0.89557 0.102989 0.0121294 0.0121294 
63 6 6.21124 0 10.2751 28.037 0.442256 0.186439 0.0960474 0.00435467 0.049577 0.37162 0.103485 0.0126124 0.0125915 
