x = [0.5, 1.5, 2.5, 3.5, 4.5, 5.5, 6.5, 7.5, 8.5, 9.5, 10.5, 11.5, 12.5, 13.5, 14.5, 15.5, 16.5, 17.5, 18.5, 19.5]
GENIE_y = [0.337715, 0.573009, 0.253059, 0.071621, 0.00400973, 0.289496, 0.634892, 0.56428, 0.334408, 0.0397799, 0.286901, 0.665583, 0.859031, 0.755059, 0.16667, 0.324116, 0.700214, 0.991873, 1.06127, 0.39621]
y = [0.229078, 0.627948, 0.272367, 0.0476188, -0.0039131, 0.26058, 0.670958, 0.564161, 0.290082, 0.00512728, 0.26872, 0.656186, 0.902109, 0.778087, 0.121525, 0.29168, 0.672889, 1.05117, 1.08929, 0.341454]
yerr_stat = [0.0453094, 0.0462989, 0.033434, 0.0158004, 0.00303828, 0.0376537, 0.0567156, 0.0465971, 0.038465, 0.00893009, 0.0541309, 0.0654938, 0.0720855, 0.0632833, 0.0202993, 0.0702542, 0.0840249, 0.0979659, 0.0881417, 0.0401555]
yerr_tot = [0.0729992, 0.0843025, 0.0525159, 0.0269698, 0.00537603, 0.0652368, 0.102393, 0.0848254, 0.0629273, 0.0150218, 0.0910648, 0.120616, 0.130123, 0.112122, 0.0348119, 0.121134, 0.154961, 0.169621, 0.15799, 0.0733812]
yerr_sys = [0.0572359, 0.0704508, 0.0404981, 0.0218568, 0.00443515, 0.0532733, 0.0852511, 0.0708807, 0.0498025, 0.0120792, 0.07323, 0.101285, 0.108332, 0.0925563, 0.0282808, 0.0986805, 0.130203, 0.13847, 0.131117, 0.0614193]
chi2 = '19.058'
chi2_ch0 = '6.89718'
chi2_ch1 = '9.11859'
chi2_ch2 = '2.46805'
chi2_ch3 = '2.68314'
chi2 = [chi2_ch0,chi2_ch1,chi2_ch2,chi2_ch3]
