                  Reconstructed space fractional uncertainties (diagonal terms / prediction)
# BNB  MCBKG   EXT    NUM     MCSIG  err_tot  err_stat  err_mcstat  err_add  err_flux  err_det  err_xs  err_rw  err_rw_cor
0 94 37.4232 1.78639 54.7904 104.345 0.337097 0.0961478 0.0516049 0 0.0868763 0.294338 0.0787868 0.0279442 0.0235863 
1 253 79.6377 4.28941 169.073 257.258 0.275864 0.0621728 0.0324367 0.000494548 0.0825739 0.245299 0.0553454 0.0246073 0.0229024 
2 204 61.1133 1.54419 141.343 215.341 0.335733 0.0675227 0.0355885 0.000597682 0.0809929 0.310836 0.0508306 0.0239957 0.0234913 
3 146 26.2957 0.641614 119.063 131.82 0.25977 0.0885435 0.0447197 0 0.0798845 0.21477 0.0594992 0.0259937 0.030283 
4 88 19.1539 0.730996 68.1151 93.0882 0.349144 0.102661 0.0554019 0.000741617 0.0844715 0.305647 0.0804791 0.0248377 0.0253561 
5 55 10.1057 0 44.8943 55.0213 0.420191 0.134805 0.0680169 0 0.098398 0.366769 0.0912583 0.0243412 0.0252901 
6 56 5.19218 0 50.8078 37.7069 0.536158 0.172514 0.0824857 0 0.0996826 0.479794 0.0980513 0.0239577 0.0239577 
7 25 8.13826 0 16.8617 26.9446 0.654503 0.190198 0.128392 0 0.104213 0.583544 0.152463 0.0233012 0.0233012 
8 12 4.56526 0 7.43474 17.8497 0.768597 0.219528 0.127531 0 0.139618 0.69725 0.136131 0.0316753 0.033148 
9 13 1.51709 0 11.4829 12.8557 1.06939 0.27942 0.145252 0 0.144351 0.999459 0.153352 0.0240443 0.0240443 
10 3 3.68541 0 -0.685408 7.00989 2.83742 0.314144 0.38053 0 0.135489 2.74005 0.529344 0.0226101 0.0226101 
11 7 0.986587 0 6.01341 4.50609 1.3168 0.501825 0.261423 0 0.138122 1.07626 0.485054 0.0236181 0.0236181 
12 1 0.535202 0 0.464798 2.39078 1.62483 0.534589 0.397582 0 0.203117 1.45352 0.202793 0.0235985 0.0235985 
13 2 0.196715 0 1.80328 0.786861 4.75567 1.26212 0.778286 0 0.2491 4.49738 0.35853 0.0184476 0.0184476 
14 1 0.196715 0 0.803285 1.12535 3.56358 0.923566 0.646519 0 0.0648928 3.34392 0.491242 0.0202971 0.0202971 
15 0 0 0 0 0.195025 2.91539 1.60118 2.37591 0 0.20783 0 0.496396 0.0245967 0.0245967 
16 0 0 0 0 0 inf -nan inf -nan -nan -nan -nan -nan -nan 
17 0 0 0 0 0 inf -nan inf -nan -nan -nan -nan -nan -nan 
18 94 37.4232 1.78639 138.238 301.958 0.192613 0.0548098 0.0299697 0 0.0734987 0.150897 0.0617628 0.025703 0.0234557 
19 253 79.6377 4.28941 351.748 519.406 0.148601 0.0430466 0.0224128 0 0.0734618 0.1026 0.0508417 0.0247416 0.0246254 
20 204 61.1133 1.54419 305.044 370.286 0.200457 0.0520996 0.0265534 0 0.0759603 0.161747 0.0604065 0.0241007 0.0245289 
21 146 26.2957 0.641614 155.948 222.664 0.220083 0.0649167 0.0342869 0 0.0784241 0.180946 0.0541429 0.0245116 0.0249541 
22 88 19.1539 0.730996 91.4198 136.896 0.376323 0.0818942 0.0433374 0 0.0830366 0.340411 0.0952598 0.0243169 0.0243751 
23 55 10.1057 0 70.1148 91.5304 0.400627 0.102779 0.05419 0 0.0973991 0.358601 0.087505 0.0243632 0.0258942 
24 56 5.19218 0 33.4481 49.7226 0.373392 0.135732 0.0709073 0 0.113211 0.304991 0.0947382 0.0240725 0.0240725 
25 25 8.13826 0 12.3491 38.3189 0.573825 0.137702 0.0876976 0 0.120998 0.52055 0.122967 0.030663 0.0307999 
26 12 4.56526 0 9.67806 22.6902 0.599744 0.18434 0.108083 0 0.134284 0.522241 0.148656 0.0241144 0.0241144 
27 13 1.51709 0 11.4115 10.1668 0.837669 0.321927 0.167358 0 0.158106 0.717615 0.169977 0.0243187 0.0243187 
28 3 3.68541 0 3.07137 7.91609 1.35841 0.308615 0.19455 0 0.18397 1.28041 0.194208 0.0240474 0.0240474 
29 7 0.986587 0 2.65982 4.54511 5.71664 0.433335 0.268816 0 0.150343 5.68953 0.159512 0.0242397 0.0242397 
30 1 0.535202 0 2 2.19575 1.83051 0.664105 0.416969 0 0.159206 1.61003 0.342215 0.0245967 0.0245967 
31 2 0.196715 0 -0.196715 0.785171 5.36879 0.798 0.790898 0 0.139787 5.23641 0.347817 0.0234939 0.0234939 
32 1 0.196715 0 -0.196715 0.393431 2.52599 1.12733 1.34192 0 0.173571 1.75008 0.463777 0.0226771 0.0226771 
33 0 0 0 0 0.340178 3.44541 1.21236 1.76178 0 0.646633 2.5715 0.514942 0.0245967 0.0245967 
34 0 0 0 0 0.536893 1.61746 0.965031 1.1616 0 0.130385 0 0.563362 0.0245967 0.0245967 
35 0 0 0 0 0.340178 3.8282 1.21236 1.76178 0 0.313098 3.13302 0.407878 0.0245967 0.0245967 
36 94 37.4232 1.78639 107.373 238.846 0.28132 0.0638517 0.0339666 0.000925884 0.0922237 0.243237 0.0724044 0.0230669 0.0215653 
37 253 79.6377 4.28941 285.172 445.052 0.326707 0.0473293 0.0248348 0.000988386 0.0926631 0.301163 0.0595318 0.0226677 0.0231487 
38 204 61.1133 1.54419 307.918 384.409 0.208724 0.0518924 0.0265192 0.00128392 0.0952669 0.162234 0.0610896 0.022918 0.0226958 
39 146 26.2957 0.641614 165.505 238.235 0.252558 0.0646863 0.0340532 0.000629895 0.0996824 0.209822 0.0583269 0.0233343 0.0230793 
40 88 19.1539 0.730996 114.196 165.307 0.249848 0.0779094 0.0405993 0 0.104839 0.19815 0.0586563 0.0225351 0.0224237 
41 55 10.1057 0 70.5846 110.142 0.300234 0.0951186 0.0500247 0 0.0981436 0.253267 0.0615632 0.0227224 0.0225281 
42 56 5.19218 0 56.111 63.3389 0.373877 0.129539 0.0635674 0 0.114332 0.309423 0.0952445 0.0232024 0.0232024 
43 25 8.13826 0 28.0191 37.327 0.454325 0.166177 0.0844287 0 0.111714 0.390074 0.0774103 0.0227771 0.0227771 
44 12 4.56526 0 9.47713 31.1429 0.672108 0.166305 0.0939066 0.00351438 0.106106 0.627473 0.0961281 0.0225737 0.0225737 
45 13 1.51709 0 6.90883 18.7313 0.652989 0.219047 0.117411 0 0.0970542 0.577761 0.142616 0.0230375 0.0230375 
46 3 3.68541 0 5.60849 13.6123 1.20702 0.265168 0.140703 0 0.12341 1.15696 0.109836 0.0216208 0.0216208 
47 7 0.986587 0 5.55486 8.85814 1.04972 0.347457 0.18449 0 0.115437 0.953306 0.154996 0.0224045 0.0224045 
48 1 0.535202 0 4.59896 6.18356 7.70013 0.418283 0.22141 1.94691e-09 0.0972119 7.68256 0.189224 0.02255 0.02255 
49 2 0.196715 0 -0.298879 2.49559 2.02989 0.608386 0.36075 0 0.108717 1.88364 0.243784 0.0202658 0.0202658 
50 1 0.196715 0 -2.80443 4.46498 2.92459 0.334638 0.274747 0 0.110858 2.87442 0.300248 0.0223771 0.0223771 
51 0 0 0 1.38932 2.59426 2.06642 0.635347 0.369375 0 0.0788096 1.91395 0.244073 0.0223918 0.0223918 
52 0 0 0 -1.31699 1.51202 3.97687 0.575051 0.515826 0 0.091589 3.88841 0.299485 0.0220457 0.0220457 
53 0 0 0 1.41154 0.785171 2.46843 1.2637 0.790898 0 0.209881 1.93309 0.298801 0.0164882 0.0164882 
54 94 37.4232 1.78639 245.741 504.557 0.177259 0.0436805 0.0234602 0.00088949 0.0888273 0.12043 0.0743685 0.022766 0.0227837 
55 253 79.6377 4.28941 513.053 790.645 0.207425 0.0349529 0.019305 0 0.0922115 0.168293 0.059474 0.0231182 0.0231047 
56 204 61.1133 1.54419 469.655 629.278 0.186127 0.0396555 0.0205673 9.27922e-10 0.0985188 0.135913 0.057905 0.0236116 0.023643 
57 146 26.2957 0.641614 237.59 422.059 0.198322 0.046392 0.0251259 0 0.0991769 0.153171 0.0462391 0.0236152 0.0235524 
58 88 19.1539 0.730996 138.19 267.846 0.273542 0.0578572 0.031467 0.000309685 0.111656 0.231896 0.0561592 0.0233438 0.0233644 
59 55 10.1057 0 116.298 163.793 0.284225 0.0770558 0.0398037 0 0.110615 0.23584 0.0648634 0.0244335 0.0245311 
60 56 5.19218 0 51.3863 94.0898 0.415914 0.100194 0.0529555 0 0.107155 0.37674 0.0752379 0.0230805 0.0230805 
61 25 8.13826 0 30.6045 56.3439 0.479668 0.127955 0.0670998 0 0.115499 0.431191 0.0940133 0.0234749 0.0234749 
62 12 4.56526 0 13.5446 40.9293 0.460471 0.145511 0.083916 0 0.106621 0.40644 0.0795844 0.0214878 0.0214878 
63 13 1.51709 0 5.84039 29.4368 0.546662 0.16526 0.108581 0 0.109396 0.483348 0.114388 0.0230358 0.0230358 
64 3 3.68541 0 4.60375 19.9288 0.767197 0.209694 0.116599 0 0.0926841 0.710374 0.129487 0.0227552 0.0227552 
65 7 0.986587 0 1.71778 13.8097 1.31943 0.247919 0.139821 0 0.108113 1.27588 0.138856 0.0226061 0.0226061 
66 1 0.535202 0 -2.73341 10.0235 1.06174 0.236719 0.270888 0 0.129454 0.92544 0.351656 0.0224981 0.0224981 
67 2 0.196715 0 5.85412 6.0459 1.42713 0.424337 0.239917 0 0.0997872 1.31151 0.260718 0.023116 0.023116 
68 1 0.196715 0 0.99589 4.1483 5.43562 0.46237 0.290773 0 0.0935057 5.40235 0.229226 0.0227228 0.0227228 
69 0 0 0 0.464798 1.32037 2.35451 0.827216 0.571578 0 0.163111 2.10851 0.243442 0.0229519 0.0229519 
70 0 0 0 -1.69016 2.03034 1.03141 0.49625 0.448399 0 0.0928249 0.726645 0.280843 0.0220771 0.0220771 
71 0 0 0 -1.51709 1.85727 1.78617 0.518857 0.458266 0 0.165606 1.57953 0.433449 0.0220921 0.0220921 
