1	Enu.le.300		1.5	0.001		0.004	
2	Enu.le.400.gt.300	1	0.001		0.004
3	Enu.le.500.gt.400	1	0.001		0.004
4	Enu.le.600.gt.500	1	0.001		0.004
5	Enu.le.700.gt.600	1	0.001		0.004
6	Enu.le.800.gt.700	1	0.001		0.004
7	Enu.le.900.gt.800	1	0.001		0.004
8	Enu.le.1000.gt.900	1	0.001		0.004
9	Enu.le.1200.gt.1000	2	0.001		0.004
10	Enu.le.1400.gt.1200	2	0.001		0.004
11	Enu.le.1600.gt.1400	2	0.001		0.004
12	Enu.le.2000.gt.1600	4	0.001		0.004
13	Enu.le.2500.gt.2000	5	0.001		0.004
14	Enu.gt.2500		5	0.001		0.004
-1	End			-1	-1		-1
#bin	#cut			#const	#pot_err	#target_err
