# BNB  MCBKG   EXT    NUM     MCSIG  err_tot  err_stat  err_mcstat  err_add  err_flux  err_det  err_xs
0 9 6.52103 0.683036 1.79593 14.2976 0.281614 0.241805 0.065278 0.0110009 0.0359684 0.0823287 0.0915585 
1 10 4.59884 0.334017 5.06714 12.1103 0.314495 0.277755 0.0685333 0.00420079 0.0254103 0.106352 0.0713312 
2 11 3.7054 0.284938 7.00966 10.4625 0.344104 0.311708 0.0734568 0.00633821 0.0268845 0.0990804 0.072595 
3 9 3.43483 0.683036 4.88213 8.92279 0.374697 0.335252 0.0847278 0.00264304 0.028826 0.117109 0.0792004 
4 7 5.04703 0.732116 1.22086 12.2368 0.301278 0.255753 0.0772682 0.00361281 0.0325063 0.106719 0.0832464 
5 14 4.21497 1.19156 8.59347 10.8764 0.349285 0.315165 0.078913 0.00233935 0.0281767 0.0972748 0.0786239 
6 12 4.35705 0.284938 7.35801 10.5876 0.357338 0.313539 0.0752319 0.0042471 0.0298211 0.122007 0.0890569 
7 7 4.50886 0.805735 1.6854 10.6898 0.326901 0.282075 0.0763577 0.00491899 0.0301374 0.121394 0.0761458 
8 8 4.79421 1.25291 1.95287 12.9966 0.300005 0.252358 0.0724326 0.00397192 0.0262461 0.118052 0.0801957 
9 14 4.37957 1.3538 8.26663 14.2591 0.291254 0.264009 0.0680534 0.000576448 0.0205289 0.0744584 0.0673109 
10 14 6.14124 0.818005 7.04075 15.6033 0.285677 0.24846 0.0618011 0.00081926 0.0263055 0.0921251 0.0829444 
11 11 6.64545 1.80098 2.55357 17.9031 0.257474 0.214926 0.066454 0.0133329 0.0280846 0.0913403 0.0798347 
12 14 6.86474 1.74917 5.38609 19.277 0.250489 0.214674 0.0613786 0.00495865 0.0266614 0.0730697 0.0825713 
13 18 7.40059 1.46423 9.13518 20.7008 0.248343 0.214491 0.0556985 0.00463913 0.0257554 0.0665451 0.086328 
14 11 8.98238 3.2284 -1.21078 26.6419 0.199193 0.159577 0.0514656 0.00250812 0.0238754 0.0569857 0.0879816 
15 26 12.6722 2.54537 10.7824 31.7588 0.214807 0.171238 0.0496598 0.00507423 0.0297198 0.0653803 0.0957588 
16 35 16.4837 2.20862 16.3076 42.2378 0.201401 0.148824 0.0383254 0.0048769 0.0283522 0.0859656 0.0934186 
17 39 16.1044 1.35107 21.5445 44.5524 0.181312 0.146385 0.0357986 0.00280398 0.0279342 0.0562822 0.0787925 
18 54 22.5076 2.46628 29.0261 62.468 0.155867 0.123341 0.030719 0.00245185 0.027366 0.0499554 0.0699099 
19 72 33.669 3.65104 34.68 93.6397 0.133429 0.0985229 0.0256348 0.00205201 0.0285739 0.0465211 0.0667428 
20 0 0 0 0 0 inf -nan inf -nan -nan -nan -nan 
21 7 3.69584 0.272668 3.03149 5.01261 0.640336 0.469415 0.111643 0.00898256 0.0703897 0.386924 0.1499 
22 6 2.1353 0.459447 3.40525 3.34181 0.869673 0.592525 0.148496 0.00705705 0.0707284 0.603708 0.116951 
23 4 1.85248 0.260398 1.88712 2.73603 0.76218 0.639158 0.155008 0.00150211 0.0532571 0.366178 0.106971 
24 1 1.58333 0.882085 -1.46542 3.3109 0.585949 0.413051 0.168924 0.0148526 0.0419102 0.361452 0.107539 
25 3 1.81904 0.297208 0.883752 2.76311 0.78335 0.609668 0.152604 0.0175878 0.0562871 0.443429 0.136187 
26 0 1.72919 1.14248 -2.87167 3.15954 0.567093 0.397807 0.174294 0.00699611 0.0431142 0.346276 0.105596 
27 2 1.926 0.683036 -0.609035 3.26864 0.749332 0.502534 0.158695 0 0.0478446 0.515482 0.125549 
28 3 1.19228 0.508527 1.2992 2.44787 0.75413 0.659711 0.176027 0.00357411 0.0398552 0.304984 0.088837 
29 3 2.07769 0.508527 0.413787 3.64306 0.609507 0.506152 0.141487 0.00225624 0.0467169 0.281956 0.116634 
30 3 1.86682 1.22837 -0.0951886 4.13012 0.565795 0.463802 0.146969 0.00585554 0.034189 0.272984 0.0876823 
31 3 2.42248 0.643495 -0.0659792 4.25769 0.563565 0.453951 0.126415 0.000965267 0.0463523 0.283661 0.113755 
32 1 2.20524 1.10567 -2.31092 4.2074 0.450159 0.338922 0.146441 0.0011371 0.0421836 0.234653 0.0974047 
33 1 2.70697 0.768925 -2.4759 4.53454 0.491277 0.31819 0.138417 0.000906335 0.049651 0.321337 0.12339 
34 3 3.41298 1.29245 -1.70543 6.10115 0.468215 0.349142 0.120177 0.00777761 0.0472356 0.256966 0.120662 
35 5 3.46229 0.321748 1.21596 5.7282 0.503515 0.408035 0.0997858 0.00863272 0.054814 0.238329 0.131142 
36 6 4.61631 1.19156 0.192125 7.78849 0.521657 0.341746 0.0969728 0.0114622 0.0471896 0.354332 0.134247 
37 12 6.56286 1.46423 3.97291 10.6837 0.436279 0.311694 0.08134 0.00420892 0.0524899 0.263638 0.11955 
38 7 7.35641 1.86233 -2.21874 11.9319 0.356772 0.260518 0.0782634 0.00611831 0.0475291 0.191315 0.119974 
39 18 10.7842 1.55012 5.66569 18.6517 0.285955 0.230163 0.058608 0.00366939 0.0506766 0.108969 0.104423 
40 31 19.2604 2.41994 9.31965 31.1171 0.240608 0.179154 0.0487098 0.00578967 0.0523312 0.0994412 0.103743 
41 0 0 0 0 0 inf -nan inf -nan -nan -nan -nan 
