                  Reconstructed space fractional uncertainties (diagonal terms / prediction)
# BNB  MCBKG   EXT    NUM     MCSIG  err_tot  err_stat  err_mcstat  err_add  err_flux  err_det  err_xs
0 4 2.64272 0.434908 0.922372 5.22041 0.506392 0.416981 0.112921 0.0258594 0.0377818 0.241591 0.096678 
1 8 1.49775 0.248129 6.25412 4.65405 0.53709 0.499675 0.115761 0.00517583 0.0219132 0.144931 0.0622712 
2 5 1.39168 0.248129 3.36019 4.06687 0.577232 0.512055 0.123887 0 0.0236865 0.224013 0.0700415 
3 3 1.14932 0.434908 1.41577 2.85424 0.655887 0.596761 0.163157 0.00787718 0.0279832 0.196651 0.0890316 
4 2 1.97504 0.284938 -0.259979 4.1896 0.489146 0.418175 0.119572 0.00527605 0.0416037 0.197926 0.0957189 
5 8 1.62966 0.309478 6.06086 3.60818 0.670767 0.582429 0.130414 0.00477365 0.0371416 0.289094 0.0933804 
6 6 1.2482 0 4.7518 3.21248 0.654549 0.606899 0.148421 0.00255865 0.0291779 0.169246 0.0926159 
7 4 1.51138 0.483987 2.00463 3.93415 0.56559 0.505556 0.134216 0.0133659 0.0286319 0.197602 0.0790301 
8 3 2.01954 0.683036 0.297422 5.02764 0.474786 0.402901 0.121384 0.0102675 0.0272077 0.195672 0.0960517 
9 8 1.32242 0.0736191 6.60396 4.50462 0.550777 0.509742 0.120402 0.000912354 0.0211449 0.15922 0.0567634 
10 5 2.34088 0.732116 1.927 6.39654 0.423309 0.378179 0.103097 0.00199845 0.0251532 0.137413 0.0776125 
11 4 2.52861 0.931165 0.540225 7.08394 0.39239 0.335117 0.0996928 0.0126148 0.0280015 0.152125 0.0874251 
12 6 2.95771 0.793465 2.24883 7.79807 0.392213 0.341453 0.0923954 0.00890699 0.0297357 0.142037 0.0869833 
13 11 3.30437 1.17929 6.51634 10.0825 0.357098 0.319403 0.0833705 0.00703733 0.0247558 0.112297 0.0726428 
14 7 4.9045 2.11046 -0.0149577 13.0461 0.290948 0.24396 0.0749445 0.00509279 0.0262589 0.101014 0.0927276 
15 17 8.41696 1.00478 7.57826 16.692 0.317641 0.245506 0.0718973 0.0096103 0.0381838 0.146829 0.111106 
16 21 9.37413 1.51331 10.1126 23.01 0.258482 0.205221 0.0518954 0.00880363 0.0292966 0.111261 0.0932162 
17 27 9.46433 0.643495 16.8922 25.0983 0.247599 0.201993 0.0469343 0.00393293 0.0284254 0.106009 0.0789923 
18 37 14.3704 1.95776 20.6718 38.9249 0.187407 0.15891 0.0394671 0.00389389 0.0275964 0.0542256 0.0677797 
19 53 22.2453 2.28497 28.4697 59.0046 0.16325 0.127793 0.0327327 0.00160696 0.0294781 0.0561041 0.0723115 
20 0 0 0 0 0 inf -nan inf -nan -nan -nan -nan 
21 5 3.87831 0.248129 0.873558 9.07719 0.349392 0.294315 0.0803071 0.00249017 0.0360368 0.139813 0.0902856 
22 2 3.10109 0.085889 -1.18698 7.45621 0.31673 0.265031 0.0923342 0.0035924 0.028604 0.119454 0.0803142 
23 6 2.31373 0.0368096 3.64946 6.39564 0.431835 0.391144 0.100033 0.0103686 0.031317 0.128522 0.0766489 
24 6 2.28551 0.248129 3.46636 6.06855 0.446005 0.405165 0.0988563 0.000677231 0.0310241 0.133194 0.0792817 
25 5 3.07198 0.447178 1.48084 8.04717 0.366774 0.321381 0.0996582 0.00274687 0.0290522 0.117675 0.0812821 
26 6 2.58531 0.882085 2.53261 7.26826 0.400402 0.358509 0.0991298 0.00113089 0.0258495 0.125504 0.0744701 
27 6 3.10885 0.284938 2.60621 7.37515 0.429489 0.354918 0.0907679 0.00599433 0.0309616 0.201473 0.0931066 
28 3 2.99748 0.321748 -0.319229 6.75569 0.371965 0.323172 0.0925535 0 0.0320302 0.12856 0.0883038 
29 5 2.77467 0.569876 1.65545 7.96899 0.364515 0.323655 0.0901714 0 0.0268964 0.116767 0.0750303 
30 6 3.05715 1.28018 1.66267 9.75445 0.326947 0.291247 0.0859356 0.000421327 0.0206494 0.0935135 0.0742528 
31 9 3.80036 0.085889 5.11375 9.20675 0.370978 0.328315 0.0804005 0 0.0288366 0.121408 0.0883083 
32 7 4.11684 0.869816 2.01334 10.8191 0.321086 0.279653 0.0890497 0.0138132 0.0293007 0.0984288 0.0788842 
33 8 3.90703 0.955705 3.13726 11.4789 0.313003 0.275838 0.0815585 0.00230374 0.0269211 0.0892661 0.0808316 
34 7 4.09622 0.284938 2.61884 10.6182 0.327513 0.283436 0.0743034 0.00239173 0.0309255 0.100724 0.101491 
35 4 4.07788 1.11794 -1.19583 13.5958 0.239531 0.202164 0.0707643 0.000302285 0.0218706 0.0631389 0.0838596 
36 9 4.25529 1.54058 3.20413 15.0668 0.266939 0.232795 0.0680119 0.000272772 0.0216591 0.078767 0.0759191 
37 14 7.10961 0.695306 6.19508 19.2278 0.263432 0.21506 0.0568404 0.000681874 0.0293445 0.0998945 0.0952571 
38 12 6.64009 0.707576 4.65233 19.4541 0.238361 0.206362 0.0554245 0.00144125 0.0282596 0.0610555 0.0814257 
39 17 8.1372 0.508527 8.35428 23.5431 0.242188 0.194025 0.0488389 0.000349131 0.0276787 0.109319 0.0768576 
40 19 11.4237 1.36607 6.21027 34.6351 0.181392 0.150524 0.0412226 0.00286764 0.0280118 0.0592396 0.0651456 
41 0 0 0 0 0 inf -nan inf -nan -nan -nan -nan 
42 3 1.58892 0.0490794 1.362 2.02249 0.997151 0.744772 0.210154 0.0222627 0.0833796 0.590302 0.198888 
43 3 0.798686 0.422638 1.77868 1.38349 1.09792 0.938648 0.273757 0.0170463 0.0727535 0.482382 0.105546 
44 1 0.920778 0.223589 -0.144367 1.45594 1.06432 0.772156 0.229245 0.00282278 0.0550113 0.683678 0.116376 
45 0 0.481514 0.471717 -0.953231 1.23931 0.825035 0.635178 0.301867 0.0396797 0.0451875 0.406065 0.132679 
46 3 0.842249 0.297208 1.86054 1.54945 1.07055 0.877153 0.213708 0.0170979 0.0485821 0.558175 0.129562 
47 0 1.06141 0.683036 -1.74444 1.89386 1.00918 0.513821 0.226471 0.0116717 0.041522 0.826017 0.137746 
48 0 1.02732 0.459447 -1.48677 1.73639 0.793098 0.536614 0.2265 0 0.0549136 0.512756 0.154317 
49 1 0.399654 0.272668 0.327678 1.0331 1.07222 0.978464 0.283062 0.00846861 0.0399992 0.322561 0.0802015 
50 1 1.05447 0.471717 -0.526188 1.73756 0.876413 0.679668 0.22635 0.00473056 0.050036 0.490446 0.108867 
51 1 0.8255 0.582146 -0.407646 1.74472 0.836489 0.677622 0.217432 0.00280395 0.0429926 0.425845 0.100328 
52 2 1.30619 0.545336 0.148472 2.48384 0.769087 0.610376 0.178403 0.00165462 0.0451833 0.413656 0.11812 
53 0 0.698509 0.882085 -1.58059 2.03979 0.715851 0.495099 0.230976 0.00234545 0.0311889 0.455484 0.0743294 
54 0 1.43558 0.346287 -1.78187 2.13169 0.698771 0.484309 0.173291 0.00192796 0.0548487 0.446547 0.145876 
55 1 1.77183 0.471717 -1.24354 2.8412 0.625428 0.467018 0.161968 0.0167015 0.0649487 0.354478 0.129109 
56 2 1.60867 0.085889 0.305438 2.42888 0.742341 0.619877 0.179569 0.019782 0.0689886 0.327346 0.149237 
57 5 2.82434 0.768925 1.40673 4.61366 0.597558 0.471676 0.128147 0.0146197 0.0494218 0.315148 0.127287 
58 6 4.24064 0.781195 0.978164 6.05677 0.614825 0.405691 0.107784 0.0074242 0.0675326 0.420598 0.142436 
59 3 3.99852 1.40288 -2.4014 6.89553 0.413638 0.31814 0.106433 0.00712817 0.0416967 0.205694 0.120234 
60 13 6.65389 1.25291 5.0932 11.5493 0.370727 0.299884 0.076257 0.00592594 0.0508152 0.169966 0.100932 
61 22 12.4448 1.97276 7.58248 20.2665 0.29336 0.225107 0.059605 0.00545555 0.0517186 0.134847 0.104621 
62 0 0 0 0 0 inf -nan inf -nan -nan -nan -nan 
63 4 2.10692 0.223589 1.66949 2.99011 0.791763 0.60429 0.148502 0 0.0670619 0.462476 0.145902 
64 3 1.33661 0.0368096 1.62658 1.95832 1.36135 0.759921 0.203501 0 0.0759584 1.10026 0.134254 
65 3 0.931702 0.0368096 2.03149 1.28009 1.1661 0.982727 0.266241 0 0.0603727 0.549788 0.131295 
66 1 1.10182 0.410368 -0.512187 2.07159 0.824451 0.596385 0.20385 0 0.0436589 0.51878 0.10701 
67 0 0.976791 0 -0.976791 1.21366 0.913605 0.641854 0.290431 0.0182131 0.0884318 0.551097 0.16275 
68 0 0.667784 0.459447 -1.12723 1.26569 0.790902 0.628524 0.276503 0 0.0505209 0.376897 0.0970894 
69 2 0.898678 0.223589 0.877733 1.53226 1.20299 0.841315 0.223745 0 0.0535424 0.81674 0.139235 
70 2 0.792623 0.235859 0.971518 1.41476 1.00852 0.885001 0.227249 0 0.0459935 0.410326 0.108479 
71 2 1.02322 0.0368096 0.939975 1.9055 0.856922 0.730201 0.210388 0 0.045182 0.370563 0.132291 
72 2 1.04132 0.646227 0.312457 2.3854 0.745118 0.627626 0.200805 0.00949328 0.0300345 0.333611 0.0931445 
73 1 1.11629 0.0981588 -0.214452 1.77385 0.811555 0.669436 0.212763 0 0.052098 0.383105 0.125396 
74 1 1.50674 0.223589 -0.730325 2.16761 0.763428 0.576271 0.185008 0 0.0606919 0.443685 0.126356 
75 1 1.27139 0.422638 -0.694031 2.40285 0.670492 0.532514 0.212445 0 0.0532977 0.321741 0.120407 
76 2 1.64115 0.820736 -0.46189 3.25996 0.642369 0.503504 0.175907 0 0.0372727 0.335833 0.118349 
77 3 1.85362 0.235859 0.910523 3.29933 0.654418 0.541605 0.138292 0.00300072 0.0460369 0.310506 0.131373 
78 1 1.79197 0.422638 -1.21461 3.17484 0.7098 0.427318 0.148003 0.00696241 0.0467205 0.524034 0.149888 
79 6 2.32222 0.683036 2.99475 4.62689 0.557064 0.483711 0.12428 0 0.0433267 0.222205 0.0982101 
80 4 3.35789 0.459447 0.182661 5.03635 0.577076 0.427518 0.116369 0.00474218 0.0604444 0.343364 0.122995 
81 5 4.1303 0.297208 0.57249 7.1024 0.45358 0.35141 0.0914223 0 0.053212 0.239684 0.116652 
82 9 6.81565 0.447178 1.73717 10.8505 0.412095 0.293683 0.0849391 0.00642589 0.0545436 0.248088 0.108599 
83 0 0 0 0 0 inf -nan inf -nan -nan -nan -nan 
