                  Reconstructed space fractional uncertainties (diagonal terms / prediction)
# BNB  MCBKG   EXT    NUM     MCSIG  err_tot  err_stat  err_mcstat  err_add  err_flux  err_det  err_xs
0 33 14.1017 3.60196 15.2963 32.9512 0.220654 0.17425 0.0458927 0.00665992 0.0313867 0.0924274 0.0815294 
1 53 21.4396 3.48334 28.0771 55.3651 0.169404 0.133406 0.034082 0.00841861 0.0273966 0.0548715 0.0768537 
2 41 18.3296 1.95776 20.7126 47.5134 0.17698 0.14138 0.0366806 0.00395678 0.0280455 0.0564469 0.0774582 
3 38 11.3736 0.891624 25.7347 33.6734 0.205924 0.175695 0.0408246 0.0034173 0.0246499 0.0662876 0.0696847 
4 20 7.92714 1.12748 10.9454 23.0176 0.23915 0.203383 0.050775 0.00333984 0.0268226 0.0911057 0.064955 
5 14 6.371 1.3538 6.2752 16.0009 0.280226 0.244243 0.064075 0.00577712 0.0316977 0.09128 0.0734596 
6 11 2.68181 0.334017 7.98417 7.11373 0.431569 0.399171 0.0889834 0.00418879 0.0310945 0.117891 0.0641355 
7 9 2.05916 0.483987 6.45685 5.36924 0.503578 0.463877 0.114442 0.00453645 0.0331371 0.135238 0.0768345 
8 3 2.16138 0.833006 0.00561827 5.05887 0.502913 0.401088 0.12579 0.00521342 0.0393188 0.260585 0.0821566 
9 4 1.13105 0.0613493 2.8076 2.55903 0.727968 0.66641 0.177623 0.0141476 0.0417229 0.212745 0.0841706 
10 0 0.94166 0.447178 -1.38884 2.42198 0.556651 0.45436 0.177459 0.00195737 0.033334 0.255364 0.074832 
11 1 1.10938 0.223589 -0.332974 2.2677 0.671904 0.556763 0.170462 0.0109525 0.0428165 0.317365 0.0986847 
12 1 0.550497 0.609417 -0.159914 1.58445 0.899429 0.726793 0.263116 0 0.0246514 0.453131 0.0746946 
13 1 0.607133 0.0122699 0.380597 1.11685 1.06293 0.928337 0.29407 0 0.0505486 0.406985 0.115484 
14 1 0.462798 0 0.537202 0.774374 1.37376 1.18169 0.373215 0 0.0676324 0.567412 0.158147 
15 9 5.20949 0.931165 2.85935 11.6215 0.346685 0.280057 0.0831909 0.00386926 0.0356344 0.164461 0.0806568 
16 12 9.17956 1.68782 1.13262 23.4379 0.212024 0.179941 0.0515579 0.00292988 0.0302067 0.0611003 0.0725456 
17 35 21.9065 3.47653 9.61695 64.9014 0.145756 0.109511 0.0314664 0.00312037 0.0242761 0.0490856 0.0724809 
18 33 16.4884 2.135 14.3766 51.2794 0.16335 0.128302 0.0345141 0.00246264 0.0244052 0.0466773 0.079058 
19 25 9.65478 1.65101 13.6942 32.3475 0.195321 0.167797 0.0431978 0.00150086 0.0237138 0.0461647 0.0737059 
20 11 8.41002 0.894355 1.69562 22.7699 0.217506 0.179922 0.054384 0 0.0288612 0.0730368 0.0762359 
21 7 4.60562 0.918895 1.47549 12.5834 0.289012 0.250557 0.0710263 0 0.0314043 0.0910978 0.0801214 
22 6 2.9258 0.471717 2.60248 7.64483 0.390318 0.346201 0.103436 0.0058078 0.0342545 0.121227 0.076752 
23 5 1.71501 0.422638 2.86235 4.66492 0.512708 0.468256 0.120505 0 0.0319897 0.152772 0.0687185 
24 4 1.32203 0.0368096 2.64116 3.21196 0.632503 0.577251 0.148704 0 0.0382546 0.18668 0.0917384 
25 2 0.98945 0.0368096 0.973741 2.23611 0.758447 0.655953 0.186312 0 0.0516996 0.311649 0.102267 
26 0 1.0284 0.0490794 -1.07748 2.49332 0.648397 0.447813 0.179888 0.00164833 0.0333983 0.42369 0.0830146 
27 1 1.44023 0 -0.440232 1.96497 0.895026 0.620529 0.199696 0 0.0592226 0.595422 0.134543 
28 3 0.362577 0.0122699 2.62515 1.46815 0.957133 0.906003 0.243418 0 0.0187254 0.181465 0.0522381 
29 1 0.46191 0.199049 0.339041 1.04545 1.08609 0.970698 0.287124 0 0.0643264 0.377463 0.0909956 
30 0 0.61354 0.0245397 -0.63808 0.962406 1.14845 0.720785 0.319603 0 0.0588923 0.820305 0.144533 
31 11 5.72189 0.520797 4.75731 10.8016 0.396865 0.305187 0.0779561 0.00204642 0.0387979 0.216912 0.0986179 
32 9 6.05636 0.631225 2.31241 8.73932 0.443812 0.339913 0.0835722 0.013199 0.0513474 0.239933 0.118598 
33 13 9.45463 2.53036 1.01501 15.5673 0.339076 0.245499 0.0679166 0.0100268 0.0520932 0.191362 0.103229 
34 14 8.077 2.46902 3.45398 14.5419 0.336574 0.260558 0.0724992 0.00684445 0.0447669 0.163632 0.106342 
35 6 6.08499 2.68307 -2.76806 11.831 0.336903 0.25267 0.0835893 0.00769189 0.0416368 0.176898 0.0979219 
36 8 4.50376 0.992514 2.50373 7.43685 0.555776 0.371075 0.106287 0.00353198 0.055733 0.37835 0.11673 
37 4 3.02933 1.02932 -0.0586584 5.0663 0.55147 0.425764 0.123861 0.00436305 0.0568389 0.304541 0.107276 
38 3 1.87349 0.248129 0.878386 2.84318 0.751032 0.598295 0.15544 0.0068559 0.075928 0.396005 0.138924 
39 2 1.4541 0.235859 0.310045 2.27306 0.824159 0.64868 0.176197 0.0113282 0.0668336 0.453973 0.12931 
40 0 0.573105 0.0613493 -0.634454 0.833073 1.10373 0.774718 0.356768 0.0147999 0.0641421 0.676168 0.170907 
41 1 0.576437 0.434908 -0.0113452 1.16076 1.12151 0.904262 0.30168 0.00354062 0.0664239 0.573032 0.127607 
42 0 0.433816 0.0613493 -0.495165 0.520665 1.43214 0.979954 0.481703 0.0424544 0.0727635 0.902639 0.191866 
43 1 0.252017 0.0122699 0.735713 0.40095 2.12261 1.76532 0.612854 0 0.0744435 0.990614 0.163254 
44 2 0.302974 0.199049 1.49798 0.788099 1.42486 1.26097 0.338584 0 0.0400552 0.553737 0.13165 
45 0 0.348032 0.0490794 -0.397111 0.459068 2.15731 1.04363 0.543102 0 0.0928879 1.79326 0.213268 
46 1 0.269112 0.211319 0.519569 0.555137 1.69758 1.4543 0.447328 0 0.0431907 0.741025 0.125277 
47 3 2.84368 0.594416 -0.438098 4.08675 0.621158 0.467258 0.128205 0.00585427 0.057253 0.367044 0.11418 
48 5 3.78227 0.894355 0.323373 5.84823 0.525248 0.402294 0.122536 0.000843759 0.0521691 0.290596 0.10891 
49 14 9.64041 2.21135 2.14824 16.6294 0.339633 0.23789 0.0683113 0.00136176 0.0492182 0.20074 0.106638 
50 14 6.77697 0.533067 6.68996 11.4133 0.370882 0.30556 0.0801398 0.00389016 0.0460152 0.144125 0.121901 
51 4 4.62665 0.471717 -1.09837 7.91531 0.396692 0.308638 0.087114 0.00279263 0.0515916 0.191627 0.122995 
52 3 3.1981 0.857546 -1.05564 5.88506 0.429339 0.358712 0.112448 0.00136982 0.0449253 0.175161 0.10155 
53 3 2.07788 0.272668 0.649451 4.00505 0.574634 0.473923 0.127016 0.00565683 0.0451416 0.281548 0.0901637 
54 1 1.51222 0.621687 -1.13391 2.6696 0.797881 0.490566 0.179197 0.00828008 0.0469751 0.591294 0.109286 
55 2 0.786551 0.0245397 1.18891 1.37049 1.09282 0.902881 0.270723 0.0182771 0.0697891 0.541471 0.085881 
56 1 0.548446 0.0245397 0.427014 0.884562 1.27818 1.08432 0.339198 0 0.0604416 0.560008 0.160265 
57 1 0.550008 0.0122699 0.437723 0.636984 1.70902 1.33642 0.441875 0 0.12042 0.94089 0.199239 
58 1 0.817793 0.211319 -0.029112 1.09107 1.3607 0.943149 0.278672 0.00451443 0.0774916 0.926356 0.141989 
59 1 0.335282 0.0368096 0.627909 0.397592 2.13159 1.774 0.574776 0 0.120948 1.00272 0.214874 
60 0 0.215 0 -0.215 0.351663 1.63616 1.1924 0.676612 0 0.0653075 0.880518 0.133447 
61 0 0.136663 0 -0.136663 0.162163 5.01671 1.75594 1.13333 0 0.197413 4.54746 0.284967 
62 0 0.0519463 0 -0.0519463 0.126653 2.58891 1.98691 1.30784 0 0.051121 1.01427 0.113482 
63 2 1.76516 0.248129 -0.013288 2.32486 0.852747 0.63878 0.172682 0 0.067953 0.522173 0.10971 
