# BNB  MCBKG   EXT    NUM     MCSIG  err_tot  err_stat  err_mcstat  err_add  err_flux  err_det  err_xs
0 42 20.1581 4.23319 17.6087 41.6905 0.207713 0.155066 0.0402268 0.00802926 0.0353606 0.091053 0.0887461 
1 66 30.8942 6.0137 29.0921 70.9324 0.16034 0.117283 0.0304626 0.00877065 0.0319196 0.0565591 0.0820419 
2 55 26.4066 4.42677 24.1666 62.0553 0.168593 0.124314 0.0327823 0.0046298 0.0313735 0.0630866 0.0831238 
3 44 17.4586 3.57469 22.9667 45.5044 0.184841 0.147405 0.0371402 0.00452671 0.0284946 0.0657794 0.0768067 
4 28 12.4309 2.12 13.4491 30.4544 0.240742 0.178616 0.0461883 0.00336847 0.0328954 0.130968 0.0753223 
5 18 9.40033 2.38313 6.21654 21.0672 0.253942 0.211934 0.0568462 0.0054295 0.0367823 0.0937371 0.0785509 
6 14 4.55529 0.582146 8.86256 9.95691 0.375682 0.333363 0.0770166 0.00478982 0.0404713 0.126524 0.0800318 
7 11 3.51326 0.719846 6.7669 7.64231 0.436235 0.381671 0.0966383 0.00463796 0.0408188 0.160997 0.0876456 
8 3 2.73448 0.894355 -0.628836 5.89194 0.463439 0.358398 0.113181 0.00522832 0.0418646 0.25294 0.0880828 
9 5 1.70749 0.496257 2.79626 3.71978 0.60452 0.542142 0.139445 0.00979534 0.0452507 0.206155 0.0862433 
10 0 1.37548 0.508527 -1.884 2.94264 0.52669 0.412208 0.157325 0.00768261 0.0388991 0.270858 0.0883183 
11 2 1.3614 0.235859 0.402739 2.66865 0.676878 0.580645 0.154388 0.00930698 0.0447222 0.29162 0.100251 
12 3 0.853471 0.808466 1.33806 2.37255 0.793051 0.673109 0.207505 0 0.0290388 0.354438 0.0795367 
13 1 0.955165 0.0613493 -0.0165142 1.57592 0.89543 0.729626 0.231896 0 0.0552748 0.444905 0.121115 
14 2 0.73191 0.211319 1.05677 1.32951 1.09563 0.920208 0.241578 0 0.0553604 0.525051 0.128548 
15 12 8.05317 1.52558 2.42125 15.7083 0.310907 0.240241 0.0697258 0.00436405 0.0409428 0.158771 0.0847474 
16 17 12.9618 2.58218 1.45599 29.2861 0.205608 0.165882 0.0479605 0.0023941 0.0339098 0.0716757 0.078513 
17 49 31.5469 5.68788 11.7652 81.5307 0.146573 0.100214 0.0286344 0.00276152 0.0286087 0.0588936 0.0795388 
18 47 23.2653 2.66806 21.0666 62.6928 0.162282 0.119805 0.0317387 0.00271711 0.0280427 0.0506948 0.0872404 
19 29 14.2814 2.12273 12.5958 40.2628 0.184364 0.14829 0.038712 0.00175481 0.0287349 0.0510305 0.084074 
20 14 11.6081 1.7519 0.639976 28.6549 0.200627 0.160844 0.0490073 0.00028133 0.0317973 0.0673464 0.0801997 
21 10 6.6835 1.19156 2.12494 16.5884 0.259083 0.222324 0.0619858 0.00136576 0.0344265 0.0761241 0.0828979 
22 7 4.43802 1.0934 1.46857 10.3144 0.353315 0.289371 0.089657 0.00644154 0.0373916 0.160013 0.0775488 
23 7 2.50157 0.447178 4.05126 6.03541 0.465499 0.416732 0.103239 0.00415028 0.0368579 0.161814 0.0693211 
24 5 1.87048 0.0613493 3.06817 4.09652 0.565943 0.509662 0.127632 0 0.0410818 0.181143 0.0987231 
25 3 1.53946 0.0490794 1.41146 2.87309 0.699326 0.594168 0.159455 0 0.0623179 0.304956 0.11711 
26 1 1.8462 0.260398 -1.10659 3.58438 0.592499 0.387138 0.136928 0.00252076 0.0435765 0.415848 0.0871553 
27 2 1.77551 0.0368096 0.187677 2.36256 0.805536 0.631783 0.178971 0 0.0593202 0.443355 0.132761 
28 3 0.577577 0.0122699 2.41015 1.81981 0.853032 0.795261 0.211679 0 0.0241 0.214556 0.0616367 
29 1 0.598573 0.199049 0.202378 1.20761 0.994652 0.880048 0.25949 0 0.0732055 0.364819 0.0951876 
30 0 0.665486 0.0245397 -0.690026 1.08906 1.03098 0.677578 0.290175 0 0.0577863 0.705892 0.134091 
31 13 7.48705 0.768925 4.74403 13.1264 0.372057 0.275565 0.0709456 0.00168397 0.0424878 0.214218 0.0987909 
