                  Reconstructed space fractional uncertainties (diagonal terms / prediction)
# BNB  MCBKG   EXT    NUM     MCSIG  err_tot  err_stat  err_mcstat  err_add  err_flux  err_det  err_xs
0 33 13.9897 3.60196 15.4083 31.0889 0.233312 0.181105 0.0482226 0.00705886 0.0322783 0.1058 0.0838135 
1 53 21.0662 3.48334 28.4505 51.8747 0.176015 0.139336 0.0362005 0.00898506 0.0279703 0.0584395 0.0773174 
2 41 17.9277 1.95776 21.1145 46.1423 0.177841 0.14423 0.0387328 0.00407436 0.0274164 0.0528784 0.0758978 
3 38 11.3058 0.891624 25.8026 31.0036 0.21757 0.185373 0.0436938 0.00371157 0.0265782 0.0704267 0.0733768 
4 20 7.67758 1.12748 11.1949 20.2314 0.261218 0.221897 0.0543349 0.00379978 0.0294083 0.102257 0.0686193 
5 14 6.33029 1.3538 6.3159 14.9348 0.296895 0.25593 0.0679361 0.00618952 0.0336599 0.10532 0.0759464 
6 11 2.60197 0.334017 8.06401 6.80725 0.441134 0.410223 0.0991181 0.00437738 0.0308547 0.10771 0.062602 
7 9 2.00519 0.483987 6.51082 5.36656 0.502539 0.46402 0.12377 0.00453872 0.0337107 0.123965 0.0734045 
8 3 2.28638 0.833006 -0.119389 5.13635 0.493123 0.396664 0.129774 0.00513478 0.0415458 0.246069 0.0817552 
9 4 1.09157 0.0613493 2.84708 2.48943 0.744534 0.677898 0.191609 0.0145431 0.039476 0.220488 0.0876721 
10 0 0.971738 0.447178 -1.41892 2.51267 0.55803 0.446084 0.183216 0.00188672 0.0326214 0.269553 0.071495 
11 1 1.10059 0.223589 -0.324175 2.08991 0.71819 0.592433 0.175266 0.0118843 0.04782 0.347162 0.105603 
12 1 0.550497 0.609417 -0.159914 1.59936 0.938528 0.721897 0.264288 0 0.0261117 0.532463 0.0751836 
13 1 0.607465 0.0122699 0.380265 1.23559 0.993969 0.866259 0.288375 0 0.0452286 0.376075 0.10455 
14 1 0.469346 0 0.530654 0.781208 1.36748 1.17506 0.381116 0 0.0663218 0.556713 0.172168 
15 9 5.18509 0.931165 2.88375 11.4004 0.347511 0.283822 0.0872314 0.00394431 0.037065 0.157184 0.0806431 
16 12 9.03339 1.68782 1.27879 19.4582 0.24359 0.206331 0.0558831 0.0035291 0.0381766 0.0730232 0.0826942 
17 35 21.5683 3.47653 9.95518 50.6845 0.175478 0.131018 0.0345874 0.00399562 0.0307489 0.0600398 0.0886803 
18 33 16.1868 2.135 14.6782 40.8343 0.195555 0.150643 0.0375879 0.00309256 0.0298718 0.066599 0.0937994 
19 25 9.58688 1.65101 13.7621 26.4199 0.225393 0.192736 0.0467362 0.00183759 0.029679 0.0573471 0.0854281 
20 11 8.36643 0.894355 1.73922 19.7314 0.242735 0.200192 0.0602281 0 0.0337457 0.0850195 0.0827597 
21 7 4.48501 0.918895 1.5961 11.2778 0.316938 0.271412 0.0771453 0 0.0361107 0.112126 0.0834121 
22 6 2.91188 0.471717 2.6164 7.25746 0.412069 0.358876 0.110234 0.0061178 0.0403224 0.146371 0.0759601 
23 5 1.71501 0.422638 2.86235 4.51144 0.521441 0.478666 0.124261 0 0.0425117 0.143925 0.0694036 
24 4 1.31213 0.0368096 2.65106 2.98542 0.660665 0.604895 0.157621 0 0.0450376 0.183788 0.0996485 
25 2 1.0094 0.0368096 0.953789 2.7705 0.657924 0.56557 0.20374 0 0.0428523 0.250272 0.0837373 
26 0 1.01185 0.0490794 -1.06093 2.26115 0.666577 0.470241 0.198544 0.00181758 0.0385575 0.417523 0.0892387 
27 1 1.38101 0 -0.381009 1.87632 0.89221 0.64224 0.200822 0 0.0618876 0.560591 0.158567 
28 3 0.362577 0.0122699 2.62515 1.62299 0.910265 0.852904 0.261612 0 0.0185089 0.173536 0.0473093 
29 1 0.46191 0.199049 0.339041 1.00234 1.13002 0.998445 0.312245 0 0.0962679 0.395475 0.129931 
30 0 0.61354 0.0245397 -0.63808 0.905371 1.22883 0.743142 0.334129 0 0.0643229 0.904904 0.152071 
31 11 5.71128 0.520797 4.76793 10.4564 0.407042 0.311829 0.0843396 0.00211398 0.0412326 0.222646 0.100281 
32 9 6.02952 0.631225 2.33926 8.35579 0.45861 0.350147 0.0863118 0.0138048 0.053547 0.248871 0.123596 
33 13 9.29599 2.53036 1.17365 15.0253 0.34551 0.251533 0.0706541 0.0103885 0.053239 0.193839 0.102959 
34 14 7.98718 2.46902 3.5438 14.2159 0.341773 0.264545 0.0744249 0.00700142 0.0446523 0.168365 0.104385 
35 6 5.95252 2.68307 -2.63558 11.3417 0.351064 0.260755 0.0865831 0.00802378 0.0427268 0.190345 0.0981577 
36 8 4.47936 0.992514 2.52813 7.24642 0.582883 0.377456 0.109767 0.0036248 0.056969 0.410009 0.117751 
37 4 2.95129 1.02932 0.0193827 4.94878 0.556946 0.43274 0.128278 0.00446667 0.0581212 0.301263 0.11096 
38 3 1.78331 0.248129 0.968566 2.94236 0.718531 0.584854 0.166751 0.0066248 0.0666645 0.354816 0.126666 
39 2 1.496 0.235859 0.268144 2.36898 0.810182 0.630608 0.179489 0.0108695 0.0656418 0.453836 0.126956 
40 0 0.502168 0.0613493 -0.563517 0.864049 1.04025 0.760704 0.376661 0.0142694 0.0528061 0.579559 0.150617 
41 1 0.547015 0.434908 0.0180773 1.15805 1.10732 0.905704 0.302082 0.00354889 0.0601841 0.544274 0.121367 
42 0 0.410331 0.0613493 -0.47168 0.492348 1.54412 1.00774 0.496891 0.0448962 0.0728805 1.03718 0.196951 
43 1 0.27079 0.0122699 0.71694 0.423111 2.08316 1.71059 0.612133 0 0.0720206 1.00384 0.160748 
44 2 0.30303 0.199049 1.49792 0.69513 1.5496 1.35587 0.363575 0 0.0487812 0.631899 0.170286 
45 0 0.322245 0.0490794 -0.371324 0.439875 2.18343 1.06616 0.558746 0 0.0915556 1.80686 0.21294 
46 1 0.269112 0.211319 0.519569 0.526567 1.75492 1.50165 0.462328 0 0.0436053 0.769018 0.133281 
47 3 2.80293 0.594416 -0.397348 3.98002 0.633903 0.476006 0.134992 0.00601126 0.0572335 0.3744 0.116369 
48 5 3.67887 0.894355 0.426775 5.51833 0.541275 0.418523 0.128271 0.000894201 0.0547142 0.292734 0.112586 
49 14 9.42313 2.21135 2.36552 14.8604 0.377622 0.256792 0.0722166 0.00152387 0.0545901 0.234235 0.116588 
50 14 6.61529 0.533067 6.85165 10.0114 0.402809 0.332216 0.0867862 0.00443492 0.0515665 0.15676 0.130779 
51 4 4.44227 0.471717 -0.91399 6.93871 0.460768 0.340247 0.0929685 0.00318569 0.0576608 0.258776 0.132649 
52 3 3.17561 0.857546 -1.03316 5.41629 0.46109 0.381512 0.118515 0.00148838 0.0483675 0.19772 0.107574 
53 3 2.18229 0.272668 0.545046 3.69179 0.618074 0.501535 0.1371 0.00613683 0.0560521 0.313666 0.100579 
54 1 1.52114 0.621687 -1.14282 2.59999 0.818543 0.500838 0.186053 0.00850179 0.0560476 0.606432 0.116557 
55 2 0.790592 0.0245397 1.18487 1.27207 1.28404 0.945867 0.287341 0.0196913 0.080674 0.808993 0.10083 
56 1 0.544045 0.0245397 0.431415 0.995549 1.17256 1.00298 0.355282 0 0.0531241 0.469829 0.138361 
57 1 0.561381 0.0122699 0.426349 0.699343 1.61214 1.26063 0.42968 0 0.116739 0.882667 0.180198 
58 1 0.772861 0.211319 0.0158203 1.02466 1.40928 0.983859 0.28741 0.00480701 0.0797487 0.952337 0.148821 
59 1 0.289023 0.0368096 0.674167 0.344503 2.27209 1.92725 0.632402 0 0.132665 0.989471 0.226915 
60 0 0.215 0 -0.215 0.392337 1.53467 1.1289 0.676398 0 0.0677246 0.77743 0.119548 
61 0 0.150353 0 -0.150353 0.164341 3.78267 1.74426 1.12688 0 0.272957 3.14112 0.234782 
62 0 0.0519463 0 -0.0519463 0.119289 2.68086 2.04731 1.30278 0 0.0540196 1.13099 0.127294 
63 2 1.65479 0.248129 0.097085 2.32062 0.852958 0.639578 0.185995 0 0.0627664 0.520017 0.0975959 
