                  Reconstructed space fractional uncertainties (diagonal terms / prediction)
# BNB  MCBKG   EXT    NUM     MCSIG  err_tot  err_stat  err_mcstat  err_add  err_flux  err_det  err_xs  err_rw  err_rw_cor
0 239 95.005 16.3519 127.643 234.694 0.169821 0.0654723 0.0170979 0.00560454 0.0678762 0.105972 0.0791249 0.0275176 0.0370628 
1 0 0 0 0 0 inf -nan inf -nan -nan -nan -nan -nan -nan 
2 156 85.5553 12.5373 57.9074 203.993 0.172546 0.0666797 0.017649 0.00250754 0.0735224 0.0958694 0.083265 0.0327856 0.0490266 
3 0 0.0619563 0 -0.0619563 0.0619563 6.17069 2.84081 2.54708 0 0.244248 4.73851 1.00277 0.022 0.022 
4 67 45.2254 12.4432 9.33139 75.0243 0.219751 0.113214 0.0319843 0.00802815 0.0693999 0.127355 0.109868 0.0228089 0.0275425 
5 0 0 0 0 0 inf -nan inf -nan -nan -nan -nan -nan -nan 
6 52 35.8572 6.39545 9.74734 56.2704 0.253335 0.131521 0.0364677 0.00286547 0.073072 0.157368 0.115286 0.0240561 0.0396094 
7 0 0.0747065 0.0245397 -0.0992462 0.0992462 4.23721 2.24454 1.64482 0 0.176808 3.18876 0.102808 0.0165603 0.0165603 
