                  Reconstructed space fractional uncertainties (diagonal terms / prediction)
# BNB  MCBKG   EXT    NUM     MCSIG  err_tot  err_stat  err_mcstat  err_add  err_flux  err_det  err_xs  err_rw  err_rw_cor
0 9041 715.328 193.388 8132.28 6488.54 0.143888 0.0130433 0.00838996 0.00621223 0.0639796 0.101751 0.0699124 0.0233469 0.0233466 
1 2717 279.25 68.6577 2369.09 2175.04 0.164888 0.0221925 0.0143045 0.00464505 0.0614163 0.137548 0.0519485 0.023228 0.0232366 
2 1986 257.2 50.7818 1678.02 1840.32 0.191323 0.0236009 0.0152764 0.00287783 0.0663274 0.163207 0.0607032 0.0232778 0.0233082 
3 1248 187.572 36.2485 1024.18 1265.86 0.183022 0.0280398 0.0174628 0.0024215 0.066376 0.150883 0.0643621 0.0232447 0.0233656 
4 872 141.803 26.3649 703.832 915.745 0.191683 0.0327726 0.0205327 0.00128123 0.0685302 0.158445 0.0660461 0.0232194 0.0232977 
5 581 117.281 19.1702 444.549 651.771 0.225662 0.0383981 0.0230691 0.00104098 0.0714403 0.196977 0.0627744 0.0231807 0.0231037 
6 379 102.683 8.8238 267.493 472.286 0.263345 0.0442359 0.0269028 0.00273268 0.078474 0.236044 0.0606668 0.0234454 0.0236073 
7 279 71.8914 4.45659 202.652 326.859 0.3196 0.0537955 0.0309403 0.000660762 0.082914 0.279189 0.111236 0.0235719 0.023291 
8 162 61.9979 3.24838 96.7538 237.885 0.286828 0.0602991 0.0367081 0.0017627 0.0865775 0.250892 0.0758107 0.0235497 0.0232345 
9 130 46.763 1.1376 82.0994 200.135 0.321028 0.065077 0.0462787 0.000679433 0.0987134 0.276383 0.0971031 0.0237735 0.023584 
10 103 45.1704 1.37979 56.4498 140.337 0.526695 0.079734 0.0485897 0.00154461 0.0892294 0.504253 0.0726396 0.0237469 0.0247559 
11 41 41.3173 0.730996 -1.04829 111.34 0.53168 0.0755905 0.0559651 0.00266174 0.0964945 0.508119 0.0718806 0.0239096 0.0243972 
12 40 32.0661 0.730996 7.20286 79.4843 0.657251 0.0972951 0.0629753 0.00156331 0.105227 0.630636 0.0825358 0.0323696 0.0437011 
13 28 26.2817 0 1.71827 58.813 0.735472 0.111534 0.0670235 0 0.105511 0.709265 0.0920954 0.024568 0.0266985 
14 35 25.1427 0.406599 9.45066 47.9742 0.505461 0.136206 0.0897994 0.00143902 0.0996019 0.45487 0.102225 0.0277263 0.0287522 
15 10 18.2084 0.406599 -8.615 38.3145 0.719627 0.115875 0.0911896 0.00441331 0.135978 0.684172 0.0921682 0.022638 0.0226323 
16 11 17.3379 0.406599 -6.7445 28.8145 0.920808 0.150127 0.0970758 0.00379836 0.120322 0.887227 0.115264 0.0220974 0.0220974 
17 8 15.2472 0 -7.24723 21.8749 0.865364 0.170199 0.110621 0 0.0868703 0.827337 0.120942 0.022251 0.022251 
18 5 15.3182 0 -10.3182 20.4852 1.03775 0.154982 0.118136 0 0.108723 1.00426 0.132654 0.0221743 0.0221743 
19 6 15.1356 0.730996 -9.86656 18.704 0.783725 0.17704 0.131876 0 0.110569 0.726992 0.145347 0.0424042 0.0426972 
20 21 85.124 5.13291 -69.2569 102.44 0.443957 0.0652519 0.0545853 0 0.0813419 0.414878 0.101212 0.0209386 0.0209386 
21 9041 715.328 193.388 1260.98 1475.22 0.158332 0.0256792 0.0182755 9.38069e-05 0.0694143 0.12145 0.0577305 0.024233 0.024233 
22 2717 279.25 68.6577 4292.77 4429.88 0.165472 0.0151472 0.0112097 0.000243212 0.0622924 0.131329 0.068795 0.0241395 0.0241395 
23 1986 257.2 50.7818 3667.01 4009.2 0.122312 0.0157944 0.0126523 0.000181292 0.0574485 0.0745429 0.0673281 0.0240876 0.0240906 
24 1248 187.572 36.2485 2932.22 3508.02 0.108251 0.0166888 0.0127905 0.000178654 0.0566045 0.0556167 0.061809 0.0240327 0.0241002 
25 872 141.803 26.3649 2249.18 2572.11 0.109814 0.0196209 0.0133079 0.000154607 0.0594476 0.0549809 0.0615526 0.0239525 0.0240348 
26 581 117.281 19.1702 1581.69 1824.06 0.143342 0.0233579 0.0140943 0.000185404 0.0626749 0.10503 0.0607848 0.0239124 0.0240128 
27 379 102.683 8.8238 1102.95 1386.29 0.151669 0.026555 0.0155597 0.000271027 0.0686944 0.11318 0.0583048 0.0236893 0.023809 
28 279 71.8914 4.45659 757.165 1024.84 0.157936 0.0306304 0.0181528 0.000333483 0.0749838 0.11483 0.0611765 0.0237014 0.0237245 
29 162 61.9979 3.24838 520.591 752.513 0.240893 0.0354407 0.0207436 0 0.085561 0.213321 0.0488822 0.0238147 0.0236611 
30 130 46.763 1.1376 285.732 561.648 0.220643 0.0394041 0.0255844 0 0.0897454 0.184974 0.0551761 0.0238902 0.0243154 
31 103 45.1704 1.37979 219.718 409.159 0.260633 0.0468119 0.0298763 0 0.0973262 0.222897 0.0672018 0.0239546 0.0244969 
32 41 41.3173 0.730996 116.915 308.401 0.264687 0.0521743 0.0311924 0.000423171 0.101012 0.225802 0.0622682 0.0240658 0.0267821 
33 40 32.0661 0.730996 58.9218 232.653 0.414233 0.0576769 0.0406696 0 0.100056 0.387697 0.0692025 0.0244607 0.0300107 
34 28 26.2817 0 36.6282 162.182 0.304727 0.0702908 0.043276 0 0.105653 0.262434 0.0699861 0.0233942 0.0237854 
35 35 25.1427 0.406599 20.5737 130.461 0.331337 0.0771467 0.0523518 0 0.10363 0.285651 0.0852453 0.0254273 0.0290407 
36 10 18.2084 0.406599 -15.803 102.912 0.54568 0.0732676 0.0576038 0 0.105408 0.513514 0.115076 0.0227838 0.022619 
37 11 17.3379 0.406599 -17.4924 90.7403 0.389882 0.0826863 0.0729256 0 0.11203 0.342353 0.093994 0.0236554 0.0264938 
38 8 15.2472 0 -11.3909 55.208 0.582856 0.106841 0.0763037 0 0.105381 0.545076 0.11519 0.0223796 0.0223796 
39 5 15.3182 0 -7.83128 44.4492 0.578432 0.128044 0.0785379 0 0.0909036 0.542407 0.0919193 0.0233309 0.0236233 
40 6 15.1356 0.730996 -14.7373 36.5287 0.837205 0.120534 0.0879545 0 0.0913754 0.810645 0.110267 0.0222847 0.0222847 
41 21 85.124 5.13291 -143.729 230.88 0.402534 0.0466114 0.0366767 0 0.0889207 0.367843 0.119747 0.0219237 0.0219233 
42 9041 715.328 193.388 11844.7 9101.5 0.140291 0.0110464 0.00718322 0.00474357 0.0650039 0.0949594 0.072215 0.0226674 0.0226674 
43 2717 279.25 68.6577 4724.42 3989.25 0.195607 0.0164853 0.0110441 0.0034716 0.0736471 0.172552 0.040465 0.0225952 0.0225941 
44 1986 257.2 50.7818 3524.9 3613.53 0.220174 0.0168748 0.0111113 0.00323066 0.0802756 0.197187 0.0413304 0.0226111 0.0226151 
45 1248 187.572 36.2485 2490.7 2631.53 0.231034 0.0196776 0.0128809 0.0027626 0.0813988 0.208233 0.0424347 0.0226732 0.0226894 
46 872 141.803 26.3649 1533.45 1765.83 0.195655 0.0238355 0.0145637 0.00318416 0.0848827 0.165271 0.0446908 0.0220458 0.0220791 
47 581 117.281 19.1702 1025.15 1233 0.206546 0.028361 0.0170876 0.00301215 0.090484 0.174653 0.043479 0.0220529 0.022095 
48 379 102.683 8.8238 701.817 873.496 0.227389 0.0337405 0.0195946 0.00405497 0.093457 0.195878 0.0462489 0.0215056 0.0215193 
49 279 71.8914 4.45659 480.858 609.57 0.236538 0.0401273 0.0236656 0.00428613 0.0992991 0.20129 0.0492209 0.0219657 0.0218732 
50 162 61.9979 3.24838 336.617 457.679 0.255993 0.0459227 0.0269216 0.00666157 0.0963719 0.223024 0.0508576 0.0221031 0.0234944 
51 130 46.763 1.1376 223.883 327.236 0.253782 0.053536 0.0317949 0.00290001 0.104292 0.213755 0.0545431 0.0220674 0.0221351 
52 103 45.1704 1.37979 207.605 241.633 0.371045 0.0645654 0.0406115 0.00405385 0.106778 0.336419 0.0785256 0.0226766 0.0240873 
53 41 41.3173 0.730996 102.266 165.083 0.375784 0.0746603 0.0435763 0.00583872 0.106685 0.335657 0.0933545 0.0216791 0.0217721 
54 40 32.0661 0.730996 101.805 122.609 0.405776 0.0904799 0.0537189 0.0063522 0.106739 0.366783 0.0800084 0.0236528 0.0256476 
55 28 26.2817 0 62.8371 92.0478 0.426744 0.101236 0.062231 0.0038561 0.101419 0.3888 0.0737179 0.0234086 0.0232555 
56 35 25.1427 0.406599 56.6297 63.725 0.509838 0.125995 0.0764682 0.00686468 0.0980748 0.46515 0.105816 0.0222037 0.0222037 
57 10 18.2084 0.406599 39.9555 52.8005 0.520858 0.134874 0.077544 0.00920501 0.11713 0.471681 0.0987153 0.0229866 0.0229866 
58 11 17.3379 0.406599 21.0711 31.6871 0.566413 0.17272 0.097198 0.00430598 0.122515 0.507816 0.0877015 0.0217595 0.0217601 
59 8 15.2472 0 29.0493 27.9256 0.976011 0.194278 0.0996074 0.00289784 0.0938045 0.942432 0.0831897 0.0226549 0.0226549 
60 5 15.3182 0 19.6812 23.7715 1.18267 0.208097 0.19968 0.00460416 0.311372 1.08485 0.202049 0.0203217 0.0203217 
61 6 15.1356 0.730996 19.9154 11.8468 1.54326 0.315843 0.158997 0.00582736 0.0757962 1.49533 0.117546 0.022545 0.022545 
62 21 85.124 5.13291 70.2267 67.5581 0.731841 0.127803 0.0673921 0.00751801 0.0725172 0.710089 0.0659565 0.0203003 0.0203003 
63 9041 715.328 193.388 3191.04 3209.88 0.160262 0.0176833 0.0118991 0.000188099 0.0641088 0.13353 0.0457893 0.0244184 0.0244184 
64 2717 279.25 68.6577 11440.8 10541.8 0.139483 0.00989859 0.00706167 0.000191931 0.0672604 0.105682 0.0492579 0.0243776 0.0243776 
65 1986 257.2 50.7818 10357.7 10302.3 0.119628 0.00989418 0.00785793 0.0001677 0.0718507 0.0746228 0.0472232 0.0243936 0.0243938 
66 1248 187.572 36.2485 8138.24 8659.9 0.123291 0.0106796 0.0085241 0.000233608 0.0766222 0.0712209 0.0537128 0.024344 0.024347 
67 872 141.803 26.3649 5664.07 5974.38 0.119899 0.0129035 0.00883104 0.000228662 0.0821607 0.0602 0.0508547 0.0241908 0.0241935 
68 581 117.281 19.1702 4007.32 4105.87 0.130935 0.0156661 0.00973557 0.000278321 0.0884172 0.0747101 0.0474106 0.0240408 0.0240581 
69 379 102.683 8.8238 2590.13 2760.57 0.182528 0.0190378 0.0113403 0.00103824 0.0941795 0.143696 0.04654 0.023878 0.0238732 
70 279 71.8914 4.45659 1673.48 1975.69 0.162897 0.0221471 0.0134809 0.000656238 0.0996775 0.112977 0.045111 0.0237633 0.0237401 
71 162 61.9979 3.24838 1133.51 1399.68 0.193505 0.0261733 0.0158827 0.000339413 0.105348 0.146425 0.0532977 0.0237607 0.0237278 
72 130 46.763 1.1376 766.75 988.389 0.223665 0.0310251 0.0183991 0.000991184 0.112117 0.179153 0.0539729 0.0236284 0.0242208 
73 103 45.1704 1.37979 538.318 715.692 0.232673 0.036356 0.0224849 0.000705063 0.114626 0.189519 0.0458563 0.0236029 0.0243353 
74 41 41.3173 0.730996 389.57 531.983 0.240607 0.0420444 0.0265939 0.000444309 0.1156 0.193835 0.0569979 0.0237498 0.0258538 
75 40 32.0661 0.730996 253.75 363.207 0.27828 0.0504606 0.02995 0.000465557 0.119815 0.236459 0.049448 0.0245333 0.0260936 
76 28 26.2817 0 179.888 272.265 0.35725 0.0578147 0.0353603 0.0015372 0.121283 0.322654 0.0555185 0.0235434 0.0240901 
77 35 25.1427 0.406599 144.204 184.644 0.372861 0.0724824 0.0418662 0.000915779 0.111828 0.34133 0.0418698 0.0241106 0.025922 
78 10 18.2084 0.406599 103.736 149.892 0.316346 0.0787339 0.0486683 0.000460568 0.112704 0.272004 0.0612138 0.023159 0.0231303 
79 11 17.3379 0.406599 88.6483 95.3273 0.468672 0.103557 0.0654179 0.00147133 0.138037 0.424048 0.0686129 0.0231254 0.0231254 
80 8 15.2472 0 54.015 74.6267 0.551499 0.112682 0.0875206 0 0.10439 0.488972 0.180704 0.0239628 0.0239763 
81 5 15.3182 0 40.1328 57.8599 0.549749 0.128614 0.0713922 0 0.0845955 0.516372 0.0759775 0.0225519 0.0225519 
82 6 15.1356 0.730996 33.0858 42.4415 2.0991 0.152607 0.0947867 0.00398416 0.0888822 2.0881 0.0703081 0.0214465 0.0214465 
83 21 85.124 5.13291 135.964 182.769 0.313646 0.0755111 0.0477364 0.00302672 0.0708079 0.285968 0.0530614 0.0197139 0.0197139 
