# BNB  MCBKG   EXT    NUM     MCSIG  err_tot  err_stat  err_mcstat  err_add  err_flux  err_det  err_xs
0 45 23.2813 5.28978 16.4289 56.389 0.1632 0.127884 0.0342905 0.00510898 0.030375 0.0550048 0.0716227 
1 88 43.3461 6.95987 37.694 120.266 0.121081 0.0860773 0.0231091 0.00555521 0.0251367 0.0238854 0.0740551 
2 74 34.818 4.09275 35.0893 98.7929 0.130545 0.0954218 0.0251284 0.00318008 0.0255685 0.0244038 0.0777553 
3 63 21.0284 2.54263 39.4289 66.0209 0.149284 0.1221 0.0296658 0.00247009 0.0238338 0.0290103 0.0712848 
4 31 16.3372 2.02184 12.641 45.7874 0.169398 0.137273 0.0372073 0.00167895 0.0275036 0.054056 0.0691811 
5 21 10.9766 2.2727 7.75069 28.5843 0.209882 0.176707 0.0475756 0.00323391 0.0309762 0.0647114 0.0735141 
6 17 5.60761 0.805735 10.5867 14.7586 0.294396 0.266218 0.0683079 0.00478058 0.0319534 0.0744443 0.0674174 
7 14 3.77417 0.906625 9.3192 10.0342 0.364621 0.331739 0.0828197 0.00242744 0.0304036 0.102224 0.0682534 
8 7 3.48341 0.869816 2.64678 8.27083 0.389519 0.33765 0.0920738 0.0031888 0.0374537 0.144807 0.0828124 
9 6 2.1205 0.0981588 3.78134 4.79513 0.530737 0.472764 0.120286 0.00755016 0.0439146 0.184507 0.0876284 
10 0 1.97006 0.496257 -2.46632 4.91529 0.424487 0.318941 0.117252 0.00180061 0.0322067 0.24176 0.0723158 
11 2 2.54962 0.223589 -0.773206 4.23267 0.532669 0.414952 0.119955 0.00586794 0.0487945 0.288251 0.107974 
12 4 0.913074 0.621687 2.46524 3.0526 0.652776 0.596381 0.164795 0 0.0201618 0.199198 0.056597 
13 2 1.06904 0.211319 0.719638 2.16229 0.761829 0.671038 0.180066 0 0.0535367 0.295123 0.0877727 
14 1 1.07634 0.0245397 -0.100878 1.73678 0.83593 0.679891 0.215229 0 0.0583931 0.412298 0.129629 
15 20 10.9314 1.45196 7.61666 22.4231 0.277556 0.20704 0.057178 0.00298001 0.0368761 0.149634 0.0845169 
16 14 9.83863 1.52558 2.63579 14.5875 0.342863 0.260011 0.0701618 0.00800048 0.0507135 0.173422 0.110976 
17 27 19.095 4.74171 3.16325 32.1967 0.258493 0.170841 0.0480905 0.00554904 0.0492419 0.148959 0.103319 
18 28 14.854 3.00208 10.1439 25.9552 0.260095 0.198719 0.053625 0.00552775 0.0448077 0.104322 0.111191 
19 10 10.7116 3.15478 -3.86643 19.7463 0.257938 0.19551 0.0610268 0.00570239 0.0444629 0.10605 0.10643 
20 11 7.70186 1.85006 1.44808 13.3219 0.387331 0.264821 0.0769485 0.00217642 0.049883 0.244814 0.107459 
21 7 5.10722 1.30199 0.590792 9.07135 0.397167 0.316765 0.0884007 0.00490418 0.0497704 0.195146 0.0948869 
22 4 3.38571 0.869816 -0.255521 5.51278 0.557196 0.401359 0.118602 0.00750321 0.0571059 0.344817 0.114437 
23 4 2.24065 0.260398 1.49895 3.64355 0.640527 0.531845 0.13317 0.013942 0.0672634 0.308335 0.0994604 
24 1 1.12155 0.085889 -0.207439 1.71763 0.881488 0.685428 0.215669 0.00717814 0.0553106 0.484838 0.150062 
25 2 1.12644 0.447178 0.426377 1.79774 0.957454 0.758722 0.221043 0.00228609 0.0731971 0.521389 0.122434 
26 1 1.25161 0.272668 -0.524277 1.61173 1.00487 0.717887 0.217541 0.0140511 0.0733157 0.651197 0.132106 
27 2 0.587299 0.0490794 1.36362 0.798542 1.52737 1.25133 0.365775 0 0.0795711 0.777032 0.152033 
28 2 0.517974 0.199049 1.28298 1.13976 1.15128 1.01204 0.264366 0 0.0417099 0.463539 0.121324 
29 0 0.484695 0.0490794 -0.533774 0.621231 2.49111 0.897136 0.442049 0 0.124058 2.26943 0.199253 
30 1 0.321058 0.211319 0.467623 0.68179 1.47418 1.28092 0.376989 0 0.0396611 0.614464 0.105827 
31 5 4.60884 0.842544 -0.451386 6.41161 0.514079 0.37756 0.102688 0.0037315 0.0595629 0.309931 0.107523 
